100
ImageData {
  data: 
   [ 39,
     58,
     33,
     255,
     38,
     49,
     32,
     255,
     65,
     97,
     43,
     255,
     41,
     57,
     33,
     255,
     63,
     89,
     44,
     255,
     68,
     79,
     52,
     255,
     121,
     136,
     119,
     255,
     32,
     53,
     32,
     255,
     101,
     136,
     76,
     255,
     168,
     224,
     124,
     255,
     63,
     84,
     57,
     255,
     53,
     62,
     55,
     255,
     80,
     87,
     101,
     255,
     220,
     217,
     218,
     255,
     38,
     55,
     33,
     255,
     141,
     166,
     121,
     255,
     201,
     244,
     175,
     255,
     28,
     39,
     15,
     255,
     33,
     31,
     32,
     255,
     39,
     38,
     31,
     255,
     141,
     144,
     165,
     255,
     105,
     144,
     80,
     255,
     100,
     125,
     84,
     255,
     119,
     153,
     93,
     255,
     87,
     110,
     70,
     255,
     53,
     46,
     39,
     255,
     46,
     48,
     34,
     255,
     85,
     63,
     62,
     255,
     57,
     60,
     41,
     255,
     58,
     62,
     46,
     255,
     140,
     178,
     113,
     255,
     90,
     82,
     73,
     255,
     254,
     250,
     250,
     255,
     250,
     210,
     189,
     255,
     254,
     251,
     249,
     255,
     150,
     182,
     127,
     255,
     156,
     197,
     133,
     255,
     84,
     85,
     73,
     255,
     254,
     253,
     252,
     255,
     255,
     255,
     255,
     255,
     255,
     244,
     232,
     255,
     255,
     254,
     254,
     255,
     254,
     240,
     236,
     255 ] }
172
