[ 27,
  54,
  280,
  352,
  359,
  380,
  398,
  585,
  661,
  775,
  1016,
  1058,
  1079,
  1084,
  1230,
  1241 ]
16
[ 86, 451, 511, 545, 572, 642, 879, 1183, 1208, 1249 ]
10
[ 7,
  10,
  13,
  28,
  30,
  37,
  51,
  55,
  58,
  59,
  63,
  65,
  88,
  94,
  122,
  144,
  152,
  154,
  162,
  163,
  175,
  179,
  182,
  184,
  187,
  199,
  201,
  204,
  209,
  211,
  212,
  217,
  220,
  224,
  226,
  228,
  230,
  237,
  238,
  242,
  256,
  258,
  268,
  283,
  290,
  306,
  310,
  317,
  324,
  327,
  331,
  334,
  335,
  338,
  342,
  343,
  370,
  375,
  381,
  385,
  391,
  392,
  393,
  409,
  424,
  428,
  429,
  430,
  445,
  446,
  462,
  463,
  472,
  477,
  492,
  500,
  508,
  516,
  527,
  530,
  533,
  536,
  549,
  551,
  553,
  555,
  581,
  586,
  596,
  608,
  612,
  613,
  615,
  632,
  636,
  639,
  640,
  654,
  655,
  657,
  662,
  677,
  683,
  695,
  707,
  709,
  715,
  730,
  734,
  735,
  758,
  763,
  768,
  769,
  773,
  778,
  781,
  787,
  789,
  800,
  813,
  814,
  819,
  827,
  833,
  840,
  844,
  857,
  858,
  861,
  864,
  865,
  866,
  872,
  874,
  877,
  883,
  885,
  897,
  898,
  900,
  914,
  916,
  922,
  931,
  933,
  936,
  944,
  980,
  982,
  998,
  999,
  1001,
  1009,
  1020,
  1025,
  1030,
  1039,
  1047,
  1052,
  1053,
  1062,
  1063,
  1064,
  1066,
  1067,
  1073,
  1077,
  1078,
  1090,
  1093,
  1101,
  1102,
  1111,
  1114,
  1128,
  1131,
  1134,
  1137,
  1148,
  1159,
  1160,
  1162,
  1168,
  1178,
  1179,
  1180,
  1182,
  1190,
  1202,
  1206,
  1207,
  1209,
  1212,
  1221,
  1261,
  1269,
  1271,
  1272 ]
199
