map: 
[ [ 0, 3, 2, 2, 0, 0 ],
  [ 1, 0, 0, 3, 1, 0 ],
  [ 2, 3, 2, 3, 3, 0 ],
  [ 2, 1, 0, 2, 3, 0 ],
  [ 2, 3, 2, 3, 3, 3 ],
  [ 2, 1, 3, 2, 3, 0 ] ]
--------
{ 'XX,.X': 
   [ [ 1, 1, 0, 0, 0, 0 ],
     [ 0, 1, 0, 0, 0, 0 ],
     [ 0, 0, 0, 0, 0, 0 ],
     [ 0, 0, 0, 0, 0, 0 ],
     [ 0, 0, 0, 0, 0, 0 ],
     [ 0, 0, 0, 0, 0, 0 ] ],
  '.XX,XX.': 
   [ [ 0, 1, 1, 0, 0, 0 ],
     [ 1, 1, 0, 0, 0, 0 ],
     [ 0, 0, 0, 0, 0, 0 ],
     [ 0, 0, 0, 0, 0, 0 ],
     [ 0, 0, 0, 0, 0, 0 ],
     [ 0, 0, 0, 0, 0, 0 ] ],
  '..X.,..X.,.XXX,XXXX,X...': 
   [ [ 0, 0, 1, 0, 0, 0 ],
     [ 0, 0, 1, 0, 0, 0 ],
     [ 0, 1, 1, 1, 0, 0 ],
     [ 1, 1, 1, 1, 0, 0 ],
     [ 1, 0, 0, 0, 0, 0 ],
     [ 0, 0, 0, 0, 0, 0 ] ],
  'XXX.,..XX,..X.': 
   [ [ 1, 1, 1, 0, 0, 0 ],
     [ 0, 0, 1, 1, 0, 0 ],
     [ 0, 0, 1, 0, 0, 0 ],
     [ 0, 0, 0, 0, 0, 0 ],
     [ 0, 0, 0, 0, 0, 0 ],
     [ 0, 0, 0, 0, 0, 0 ] ],
  '..X..,..X..,.XX..,XXXXX,..XX.': 
   [ [ 0, 0, 1, 0, 0, 0 ],
     [ 0, 0, 1, 0, 0, 0 ],
     [ 0, 1, 1, 0, 0, 0 ],
     [ 1, 1, 1, 1, 1, 0 ],
     [ 0, 0, 1, 1, 0, 0 ],
     [ 0, 0, 0, 0, 0, 0 ] ],
  '...X,.XXX,XX..': 
   [ [ 0, 0, 0, 1, 0, 0 ],
     [ 0, 1, 1, 1, 0, 0 ],
     [ 1, 1, 0, 0, 0, 0 ],
     [ 0, 0, 0, 0, 0, 0 ],
     [ 0, 0, 0, 0, 0, 0 ],
     [ 0, 0, 0, 0, 0, 0 ] ],
  'XX..,.XXX,.XX.,.X..': 
   [ [ 1, 1, 0, 0, 0, 0 ],
     [ 0, 1, 1, 1, 0, 0 ],
     [ 0, 1, 1, 0, 0, 0 ],
     [ 0, 1, 0, 0, 0, 0 ],
     [ 0, 0, 0, 0, 0, 0 ],
     [ 0, 0, 0, 0, 0, 0 ] ],
  'XXX,XXX,.XX,XX.,.X.': 
   [ [ 1, 1, 1, 0, 0, 0 ],
     [ 1, 1, 1, 0, 0, 0 ],
     [ 0, 1, 1, 0, 0, 0 ],
     [ 1, 1, 0, 0, 0, 0 ],
     [ 0, 1, 0, 0, 0, 0 ],
     [ 0, 0, 0, 0, 0, 0 ] ],
  '.XX,..X,XXX,XX.,.X.': 
   [ [ 0, 1, 1, 0, 0, 0 ],
     [ 0, 0, 1, 0, 0, 0 ],
     [ 1, 1, 1, 0, 0, 0 ],
     [ 1, 1, 0, 0, 0, 0 ],
     [ 0, 1, 0, 0, 0, 0 ],
     [ 0, 0, 0, 0, 0, 0 ] ],
  '..XX.,.XXXX,.XX..,XX...': 
   [ [ 0, 0, 1, 1, 0, 0 ],
     [ 0, 1, 1, 1, 1, 0 ],
     [ 0, 1, 1, 0, 0, 0 ],
     [ 1, 1, 0, 0, 0, 0 ],
     [ 0, 0, 0, 0, 0, 0 ],
     [ 0, 0, 0, 0, 0, 0 ] ],
  '.X...,XXXXX,...XX,...XX': 
   [ [ 0, 1, 0, 0, 0, 0 ],
     [ 1, 1, 1, 1, 1, 0 ],
     [ 0, 0, 0, 1, 1, 0 ],
     [ 0, 0, 0, 1, 1, 0 ],
     [ 0, 0, 0, 0, 0, 0 ],
     [ 0, 0, 0, 0, 0, 0 ] ],
  '.XX,XX.,XX.,.X.,.X.': 
   [ [ 0, 1, 1, 0, 0, 0 ],
     [ 1, 1, 0, 0, 0, 0 ],
     [ 1, 1, 0, 0, 0, 0 ],
     [ 0, 1, 0, 0, 0, 0 ],
     [ 0, 1, 0, 0, 0, 0 ],
     [ 0, 0, 0, 0, 0, 0 ] ] }
6
2
2
5 ' ' 5
6
2
3
5 ' ' 4
6
5
4
2 ' ' 3
6
3
4
4 ' ' 3
6
5
5
2 ' ' 2
6
3
4
4 ' ' 3
6
4
4
3 ' ' 3
6
5
3
2 ' ' 4
6
5
3
2 ' ' 4
6
4
5
3 ' ' 2
6
4
5
3 ' ' 2
6
5
3
2 ' ' 4
286654464000
[ 5, 5, 4, 5, 3, 2, 3, 4, 2, 2, 3, 4, 3, 3, 4, 2, 4, 2, 2, 3, 2, 3, 4, 2 ]
0
286654464000
100000
286654464000
200000
286654464000
300000
286654464000
400000
286654464000
500000
286654464000
600000
286654464000
700000
286654464000
800000
286654464000
900000
286654464000
1000000
286654464000
1100000
286654464000
1200000
286654464000
1300000
286654464000
1400000
286654464000
1500000
286654464000
1600000
286654464000
1700000
286654464000
1800000
286654464000
1900000
286654464000
2000000
286654464000
2100000
286654464000
2200000
286654464000
2300000
286654464000
2400000
286654464000
2500000
286654464000
2600000
286654464000
2700000
286654464000
2800000
286654464000
2900000
286654464000
3000000
286654464000
3100000
286654464000
3200000
286654464000
3300000
286654464000
3400000
286654464000
3500000
286654464000
3600000
286654464000
3700000
286654464000
3800000
286654464000
3900000
286654464000
4000000
286654464000
4100000
286654464000
4200000
286654464000
4300000
286654464000
4400000
286654464000
4500000
286654464000
4600000
286654464000
4700000
286654464000
4800000
286654464000
4900000
286654464000
5000000
286654464000
5100000
286654464000
5200000
286654464000
5300000
286654464000
5400000
286654464000
5500000
286654464000
5600000
286654464000
5700000
286654464000
5800000
286654464000
5900000
286654464000
6000000
286654464000
6100000
286654464000
6200000
286654464000
6300000
286654464000
6400000
286654464000
6500000
286654464000
6600000
286654464000
6700000
286654464000
6800000
286654464000
6900000
286654464000
7000000
286654464000
7100000
286654464000
7200000
286654464000
7300000
286654464000
7400000
286654464000
7500000
286654464000
7600000
286654464000
7700000
286654464000
7800000
286654464000
7900000
286654464000
8000000
286654464000
8100000
286654464000
8200000
286654464000
8300000
286654464000
8400000
286654464000
8500000
286654464000
8600000
286654464000
8700000
286654464000
8800000
286654464000
8900000
286654464000
9000000
286654464000
9100000
286654464000
9200000
286654464000
9300000
286654464000
9400000
286654464000
9500000
286654464000
9600000
286654464000
9700000
286654464000
9800000
286654464000
9900000
286654464000
10000000
286654464000
10100000
286654464000
10200000
286654464000
10300000
286654464000
10400000
286654464000
10500000
286654464000
10600000
286654464000
10700000
286654464000
10800000
286654464000
10900000
286654464000
11000000
286654464000
11100000
286654464000
11200000
286654464000
11300000
286654464000
11400000
286654464000
11500000
286654464000
11600000
286654464000
11700000
286654464000
11800000
286654464000
11900000
286654464000
12000000
286654464000
12100000
286654464000
12200000
286654464000
12300000
286654464000
12400000
286654464000
12500000
286654464000
12600000
286654464000
12700000
286654464000
12800000
286654464000
12900000
286654464000
13000000
286654464000
13100000
286654464000
13200000
286654464000
13300000
286654464000
13400000
286654464000
13500000
286654464000
13600000
286654464000
13700000
286654464000
13800000
286654464000
13900000
286654464000
14000000
286654464000
14100000
286654464000
14200000
286654464000
14300000
286654464000
14400000
286654464000
14500000
286654464000
14600000
286654464000
14700000
286654464000
14800000
286654464000
14900000
286654464000
15000000
286654464000
15100000
286654464000
15200000
286654464000
15300000
286654464000
15400000
286654464000
15500000
286654464000
15600000
286654464000
15700000
286654464000
15800000
286654464000
15900000
286654464000
16000000
286654464000
16100000
286654464000
16200000
286654464000
16300000
286654464000
16400000
286654464000
16500000
286654464000
16600000
286654464000
16700000
286654464000
16800000
286654464000
16900000
286654464000
17000000
286654464000
17100000
286654464000
17200000
286654464000
17300000
286654464000
17400000
286654464000
17500000
286654464000
17600000
286654464000
17700000
286654464000
17800000
286654464000
17900000
286654464000
18000000
286654464000
18100000
286654464000
18200000
286654464000
18300000
286654464000
18400000
286654464000
18500000
286654464000
18600000
286654464000
18700000
286654464000
18800000
286654464000
18900000
286654464000
19000000
286654464000
19100000
286654464000
19200000
286654464000
19300000
286654464000
19400000
286654464000
19500000
286654464000
19600000
286654464000
19700000
286654464000
19800000
286654464000
19900000
286654464000
20000000
286654464000
20100000
286654464000
20200000
286654464000
20300000
286654464000
20400000
286654464000
20500000
286654464000
20600000
286654464000
20700000
286654464000
20800000
286654464000
20900000
286654464000
21000000
286654464000
21100000
286654464000
21200000
286654464000
21300000
286654464000
21400000
286654464000
21500000
286654464000
21600000
286654464000
21700000
286654464000
21800000
286654464000
21900000
286654464000
22000000
286654464000
22100000
286654464000
22200000
286654464000
22300000
286654464000
22400000
286654464000
22500000
286654464000
22600000
286654464000
22700000
286654464000
22800000
286654464000
22900000
286654464000
23000000
286654464000
23100000
286654464000
23200000
286654464000
23300000
286654464000
23400000
286654464000
23500000
286654464000
23600000
286654464000
23700000
286654464000
23800000
286654464000
23900000
286654464000
24000000
286654464000
24100000
286654464000
24200000
286654464000
24300000
286654464000
24400000
286654464000
24500000
286654464000
24600000
286654464000
24700000
286654464000
24800000
286654464000
24900000
286654464000
25000000
286654464000
25100000
286654464000
25200000
286654464000
25300000
286654464000
25400000
286654464000
25500000
286654464000
25600000
286654464000
25700000
286654464000
25800000
286654464000
25900000
286654464000
26000000
286654464000
26100000
286654464000
26200000
286654464000
26300000
286654464000
26400000
286654464000
26500000
286654464000
26600000
286654464000
26700000
286654464000
26800000
286654464000
26900000
286654464000
27000000
286654464000
27100000
286654464000
27200000
286654464000
27300000
286654464000
27400000
286654464000
27500000
286654464000
27600000
286654464000
27700000
286654464000
27800000
286654464000
27900000
286654464000
28000000
286654464000
28100000
286654464000
28200000
286654464000
28300000
286654464000
28400000
286654464000
28500000
286654464000
28600000
286654464000
28700000
286654464000
28800000
286654464000
28900000
286654464000
29000000
286654464000
29100000
286654464000
29200000
286654464000
29300000
286654464000
29400000
286654464000
29500000
286654464000
29600000
286654464000
29700000
286654464000
29800000
286654464000
29900000
286654464000
30000000
286654464000
30100000
286654464000
30200000
286654464000
30300000
286654464000
30400000
286654464000
30500000
286654464000
30600000
286654464000
30700000
286654464000
30800000
286654464000
30900000
286654464000
31000000
286654464000
31100000
286654464000
31200000
286654464000
31300000
286654464000
31400000
286654464000
31500000
286654464000
31600000
286654464000
31700000
286654464000
31800000
286654464000
31900000
286654464000
32000000
286654464000
32100000
286654464000
32200000
286654464000
32300000
286654464000
32400000
286654464000
32500000
286654464000
32600000
286654464000
32700000
286654464000
32800000
286654464000
32900000
286654464000
33000000
286654464000
33100000
286654464000
33200000
286654464000
33300000
286654464000
33400000
286654464000
33500000
286654464000
33600000
286654464000
33700000
286654464000
33800000
286654464000
33900000
286654464000
34000000
286654464000
34100000
286654464000
34200000
286654464000
34300000
286654464000
34400000
286654464000
34500000
286654464000
34600000
286654464000
34700000
286654464000
34800000
286654464000
34900000
286654464000
35000000
286654464000
35100000
286654464000
35200000
286654464000
35300000
286654464000
35400000
286654464000
35500000
286654464000
35600000
286654464000
35700000
286654464000
35800000
286654464000
35900000
286654464000
36000000
286654464000
36100000
286654464000
36200000
286654464000
36300000
286654464000
36400000
286654464000
36500000
286654464000
36600000
286654464000
36700000
286654464000
36800000
286654464000
36900000
286654464000
37000000
286654464000
37100000
286654464000
37200000
286654464000
37300000
286654464000
37400000
286654464000
37500000
286654464000
37600000
286654464000
37700000
286654464000
37800000
286654464000
37900000
286654464000
38000000
286654464000
38100000
286654464000
38200000
286654464000
38300000
286654464000
38400000
286654464000
38500000
286654464000
38600000
286654464000
38700000
286654464000
38800000
286654464000
38900000
286654464000
39000000
286654464000
39100000
286654464000
39200000
286654464000
39300000
286654464000
39400000
286654464000
39500000
286654464000
39600000
286654464000
39700000
286654464000
39800000
286654464000
39900000
286654464000
40000000
286654464000
40100000
286654464000
40200000
286654464000
40300000
286654464000
40400000
286654464000
40500000
286654464000
40600000
286654464000
40700000
286654464000
40800000
286654464000
40900000
286654464000
41000000
286654464000
41100000
286654464000
41200000
286654464000
41300000
286654464000
41400000
286654464000
41500000
286654464000
41600000
286654464000
41700000
286654464000
41800000
286654464000
41900000
286654464000
42000000
286654464000
42100000
286654464000
42200000
286654464000
42300000
286654464000
42400000
286654464000
42500000
286654464000
42600000
286654464000
42700000
286654464000
42800000
286654464000
42900000
286654464000
43000000
286654464000
43100000
286654464000
43200000
286654464000
43300000
286654464000
43400000
286654464000
43500000
286654464000
43600000
286654464000
43700000
286654464000
43800000
286654464000
43900000
286654464000
44000000
286654464000
44100000
286654464000
44200000
286654464000
44300000
286654464000
44400000
286654464000
44500000
286654464000
44600000
286654464000
44700000
286654464000
44800000
286654464000
44900000
286654464000
45000000
286654464000
45100000
286654464000
45200000
286654464000
45300000
286654464000
45400000
286654464000
45500000
286654464000
45600000
286654464000
45700000
286654464000
45800000
286654464000
45900000
286654464000
46000000
286654464000
46100000
286654464000
46200000
286654464000
46300000
286654464000
46400000
286654464000
46500000
286654464000
46600000
286654464000
46700000
286654464000
46800000
286654464000
46900000
286654464000
47000000
286654464000
47100000
286654464000
47200000
286654464000
47300000
286654464000
47400000
286654464000
47500000
286654464000
47600000
286654464000
47700000
286654464000
47800000
286654464000
47900000
286654464000
48000000
286654464000
48100000
286654464000
48200000
286654464000
48300000
286654464000
48400000
286654464000
48500000
286654464000
48600000
286654464000
48700000
286654464000
48800000
286654464000
48900000
286654464000
49000000
286654464000
49100000
286654464000
49200000
286654464000
49300000
286654464000
49400000
286654464000
49500000
286654464000
49600000
286654464000
49700000
286654464000
49800000
286654464000
49900000
286654464000
50000000
286654464000
50100000
286654464000
50200000
286654464000
50300000
286654464000
50400000
286654464000
50500000
286654464000
50600000
286654464000
50700000
286654464000
50800000
286654464000
50900000
286654464000
51000000
286654464000
51100000
286654464000
51200000
286654464000
51300000
286654464000
51400000
286654464000
51500000
286654464000
51600000
286654464000
51700000
286654464000
51800000
286654464000
51900000
286654464000
52000000
286654464000
52100000
286654464000
52200000
286654464000
52300000
286654464000
52400000
286654464000
52500000
286654464000
52600000
286654464000
52700000
286654464000
52800000
286654464000
52900000
286654464000
53000000
286654464000
53100000
286654464000
53200000
286654464000
53300000
286654464000
53400000
286654464000
53500000
286654464000
53600000
286654464000
53700000
286654464000
53800000
286654464000
53900000
286654464000
54000000
286654464000
54100000
286654464000
54200000
286654464000
54300000
286654464000
54400000
286654464000
54500000
286654464000
54600000
286654464000
54700000
286654464000
54800000
286654464000
54900000
286654464000
55000000
286654464000
55100000
286654464000
55200000
286654464000
55300000
286654464000
55400000
286654464000
55500000
286654464000
55600000
286654464000
55700000
286654464000
55800000
286654464000
55900000
286654464000
56000000
286654464000
56100000
286654464000
56200000
286654464000
56300000
286654464000
56400000
286654464000
56500000
286654464000
56600000
286654464000
56700000
286654464000
56800000
286654464000
56900000
286654464000
57000000
286654464000
57100000
286654464000
57200000
286654464000
57300000
286654464000
57400000
286654464000
57500000
286654464000
57600000
286654464000
57700000
286654464000
57800000
286654464000
57900000
286654464000
58000000
286654464000
58100000
286654464000
58200000
286654464000
58300000
286654464000
58400000
286654464000
58500000
286654464000
58600000
286654464000
58700000
286654464000
58800000
286654464000
58900000
286654464000
59000000
286654464000
59100000
286654464000
59200000
286654464000
59300000
286654464000
59400000
286654464000
59500000
286654464000
59600000
286654464000
59700000
286654464000
59800000
286654464000
59900000
286654464000
60000000
286654464000
60100000
286654464000
60200000
286654464000
60300000
286654464000
60400000
286654464000
60500000
286654464000
60600000
286654464000
60700000
286654464000
60800000
286654464000
60900000
286654464000
61000000
286654464000
61100000
286654464000
61200000
286654464000
61300000
286654464000
61400000
286654464000
61500000
286654464000
61600000
286654464000
61700000
286654464000
61800000
286654464000
61900000
286654464000
62000000
286654464000
62100000
286654464000
62200000
286654464000
62300000
286654464000
62400000
286654464000
62500000
286654464000
62600000
286654464000
62700000
286654464000
62800000
286654464000
62900000
286654464000
63000000
286654464000
63100000
286654464000
63200000
286654464000
63300000
286654464000
63400000
286654464000
63500000
286654464000
63600000
286654464000
63700000
286654464000
63800000
286654464000
63900000
286654464000
64000000
286654464000
64100000
286654464000
64200000
286654464000
64300000
286654464000
64400000
286654464000
64500000
286654464000
64600000
286654464000
64700000
286654464000
64800000
286654464000
64900000
286654464000
65000000
286654464000
65100000
286654464000
65200000
286654464000
65300000
286654464000
65400000
286654464000
65500000
286654464000
65600000
286654464000
65700000
286654464000
65800000
286654464000
65900000
286654464000
66000000
286654464000
66100000
286654464000
66200000
286654464000
66300000
286654464000
66400000
286654464000
66500000
286654464000
66600000
286654464000
66700000
286654464000
66800000
286654464000
66900000
286654464000
67000000
286654464000
67100000
286654464000
67200000
286654464000
67300000
286654464000
67400000
286654464000
67500000
286654464000
67600000
286654464000
67700000
286654464000
67800000
286654464000
67900000
286654464000
68000000
286654464000
68100000
286654464000
68200000
286654464000
68300000
286654464000
68400000
286654464000
68500000
286654464000
68600000
286654464000
68700000
286654464000
68800000
286654464000
68900000
286654464000
69000000
286654464000
69100000
286654464000
69200000
286654464000
69300000
286654464000
69400000
286654464000
69500000
286654464000
69600000
286654464000
69700000
286654464000
69800000
286654464000
69900000
286654464000
70000000
286654464000
70100000
286654464000
70200000
286654464000
70300000
286654464000
70400000
286654464000
70500000
286654464000
70600000
286654464000
70700000
286654464000
70800000
286654464000
70900000
286654464000
71000000
286654464000
71100000
286654464000
71200000
286654464000
71300000
286654464000
71400000
286654464000
71500000
286654464000
71600000
286654464000
71700000
286654464000
71800000
286654464000
71900000
286654464000
72000000
286654464000
72100000
286654464000
72200000
286654464000
72300000
286654464000
72400000
286654464000
72500000
286654464000
72600000
286654464000
72700000
286654464000
72800000
286654464000
72900000
286654464000
73000000
286654464000
73100000
286654464000
73200000
286654464000
73300000
286654464000
73400000
286654464000
73500000
286654464000
73600000
286654464000
73700000
286654464000
73800000
286654464000
73900000
286654464000
74000000
286654464000
74100000
286654464000
74200000
286654464000
74300000
286654464000
74400000
286654464000
74500000
286654464000
74600000
286654464000
74700000
286654464000
74800000
286654464000
74900000
286654464000
75000000
286654464000
75100000
286654464000
75200000
286654464000
75300000
286654464000
75400000
286654464000
75500000
286654464000
75600000
286654464000
75700000
286654464000
75800000
286654464000
75900000
286654464000
76000000
286654464000
76100000
286654464000
76200000
286654464000
76300000
286654464000
76400000
286654464000
76500000
286654464000
76600000
286654464000
76700000
286654464000
76800000
286654464000
76900000
286654464000
77000000
286654464000
77100000
286654464000
77200000
286654464000
77300000
286654464000
77400000
286654464000
77500000
286654464000
77600000
286654464000
77700000
286654464000
77800000
286654464000
77900000
286654464000
78000000
286654464000
78100000
286654464000
78200000
286654464000
78300000
286654464000
78400000
286654464000
78500000
286654464000
78600000
286654464000
78700000
286654464000
78800000
286654464000
78900000
286654464000
79000000
286654464000
79100000
286654464000
79200000
286654464000
79300000
286654464000
79400000
286654464000
79500000
286654464000
79600000
286654464000
79700000
286654464000
79800000
286654464000
79900000
286654464000
80000000
286654464000
80100000
286654464000
80200000
286654464000
80300000
286654464000
80400000
286654464000
80500000
286654464000
80600000
286654464000
80700000
286654464000
80800000
286654464000
80900000
286654464000
81000000
286654464000
81100000
286654464000
81200000
286654464000
81300000
286654464000
81400000
286654464000
81500000
286654464000
81600000
286654464000
81700000
286654464000
81800000
286654464000
81900000
286654464000
82000000
286654464000
82100000
286654464000
82200000
286654464000
82300000
286654464000
82400000
286654464000
82500000
286654464000
82600000
286654464000
82700000
286654464000
82800000
286654464000
82900000
286654464000
83000000
286654464000
83100000
286654464000
83200000
286654464000
83300000
286654464000
83400000
286654464000
83500000
286654464000
83600000
286654464000
83700000
286654464000
83800000
286654464000
83900000
286654464000
84000000
286654464000
84100000
286654464000
84200000
286654464000
84300000
286654464000
84400000
286654464000
84500000
286654464000
84600000
286654464000
84700000
286654464000
84800000
286654464000
84900000
286654464000
85000000
286654464000
85100000
286654464000
85200000
286654464000
85300000
286654464000
85400000
286654464000
85500000
286654464000
85600000
286654464000
85700000
286654464000
85800000
286654464000
85900000
286654464000
86000000
286654464000
86100000
286654464000
86200000
286654464000
86300000
286654464000
86400000
286654464000
86500000
286654464000
86600000
286654464000
86700000
286654464000
86800000
286654464000
86900000
286654464000
87000000
286654464000
87100000
286654464000
87200000
286654464000
87300000
286654464000
87400000
286654464000
87500000
286654464000
87600000
286654464000
87700000
286654464000
87800000
286654464000
87900000
286654464000
88000000
286654464000
88100000
286654464000
88200000
286654464000
88300000
286654464000
88400000
286654464000
88500000
286654464000
88600000
286654464000
88700000
286654464000
88800000
286654464000
88900000
286654464000
89000000
286654464000
89100000
286654464000
89200000
286654464000
89300000
286654464000
89400000
286654464000
89500000
286654464000
89600000
286654464000
89700000
286654464000
89800000
286654464000
89900000
286654464000
90000000
286654464000
90100000
286654464000
90200000
286654464000
90300000
286654464000
90400000
286654464000
90500000
286654464000
90600000
286654464000
90700000
286654464000
90800000
286654464000
90900000
286654464000
91000000
286654464000
91100000
286654464000
91200000
286654464000
91300000
286654464000
91400000
286654464000
91500000
286654464000
91600000
286654464000
91700000
286654464000
91800000
286654464000
91900000
286654464000
92000000
286654464000
92100000
286654464000
92200000
286654464000
92300000
286654464000
92400000
286654464000
92500000
286654464000
92600000
286654464000
92700000
286654464000
92800000
286654464000
92900000
286654464000
93000000
286654464000
93100000
286654464000
93200000
286654464000
93300000
286654464000
93400000
286654464000
93500000
286654464000
93600000
286654464000
93700000
286654464000
93800000
286654464000
93900000
286654464000
94000000
286654464000
94100000
286654464000
94200000
286654464000
94300000
286654464000
94400000
286654464000
94500000
286654464000
94600000
286654464000
94700000
286654464000
94800000
286654464000
94900000
286654464000
95000000
286654464000
95100000
286654464000
95200000
286654464000
95300000
286654464000
95400000
286654464000
95500000
286654464000
95600000
286654464000
95700000
286654464000
95800000
286654464000
95900000
286654464000
96000000
286654464000
96100000
286654464000
96200000
286654464000
96300000
286654464000
96400000
286654464000
96500000
286654464000
96600000
286654464000
96700000
286654464000
96800000
286654464000
96900000
286654464000
97000000
286654464000
97100000
286654464000
97200000
286654464000
97300000
286654464000
97400000
286654464000
97500000
286654464000
97600000
286654464000
97700000
286654464000
97800000
286654464000
97900000
286654464000
98000000
286654464000
98100000
286654464000
98200000
286654464000
98300000
286654464000
98400000
286654464000
98500000
286654464000
98600000
286654464000
98700000
286654464000
98800000
286654464000
98900000
286654464000
99000000
286654464000
99100000
286654464000
99200000
286654464000
99300000
286654464000
99400000
286654464000
99500000
286654464000
99600000
286654464000
99700000
286654464000
99800000
286654464000
99900000
286654464000
100000000
286654464000
100100000
286654464000
100200000
286654464000
100300000
286654464000
100400000
286654464000
100500000
286654464000
100600000
286654464000
100700000
286654464000
100800000
286654464000
100900000
286654464000
101000000
286654464000
101100000
286654464000
101200000
286654464000
101300000
286654464000
101400000
286654464000
101500000
286654464000
101600000
286654464000
101700000
286654464000
101800000
286654464000
101900000
286654464000
102000000
286654464000
102100000
286654464000
102200000
286654464000
102300000
286654464000
102400000
286654464000
102500000
286654464000
102600000
286654464000
102700000
286654464000
102800000
286654464000
102900000
286654464000
103000000
286654464000
103100000
286654464000
103200000
286654464000
103300000
286654464000
103400000
286654464000
103500000
286654464000
103600000
286654464000
103700000
286654464000
103800000
286654464000
103900000
286654464000
104000000
286654464000
104100000
286654464000
104200000
286654464000
104300000
286654464000
104400000
286654464000
104500000
286654464000
104600000
286654464000
104700000
286654464000
104800000
286654464000
104900000
286654464000
105000000
286654464000
105100000
286654464000
105200000
286654464000
105300000
286654464000
105400000
286654464000
105500000
286654464000
105600000
286654464000
105700000
286654464000
105800000
286654464000
105900000
286654464000
106000000
286654464000
106100000
286654464000
106200000
286654464000
106300000
286654464000
106400000
286654464000
106500000
286654464000
106600000
286654464000
106700000
286654464000
106800000
286654464000
106900000
286654464000
107000000
286654464000
107100000
286654464000
107200000
286654464000
107300000
286654464000
107400000
286654464000
107500000
286654464000
107600000
286654464000
107700000
286654464000
107800000
286654464000
107900000
286654464000
108000000
286654464000
108100000
286654464000
108200000
286654464000
108300000
286654464000
108400000
286654464000
108500000
286654464000
108600000
286654464000
108700000
286654464000
108800000
286654464000
108900000
286654464000
109000000
286654464000
109100000
286654464000
109200000
286654464000
109300000
286654464000
109400000
286654464000
109500000
286654464000
109600000
286654464000
109700000
286654464000
109800000
286654464000
109900000
286654464000
110000000
286654464000
110100000
286654464000
110200000
286654464000
110300000
286654464000
110400000
286654464000
110500000
286654464000
110600000
286654464000
110700000
286654464000
110800000
286654464000
110900000
286654464000
111000000
286654464000
111100000
286654464000
111200000
286654464000
111300000
286654464000
111400000
286654464000
111500000
286654464000
111600000
286654464000
111700000
286654464000
111800000
286654464000
111900000
286654464000
112000000
286654464000
112100000
286654464000
112200000
286654464000
112300000
286654464000
112400000
286654464000
112500000
286654464000
112600000
286654464000
112700000
286654464000
112800000
286654464000
112900000
286654464000
113000000
286654464000
113100000
286654464000
113200000
286654464000
113300000
286654464000
113400000
286654464000
113500000
286654464000
113600000
286654464000
113700000
286654464000
113800000
286654464000
113900000
286654464000
114000000
286654464000
114100000
286654464000
114200000
286654464000
114300000
286654464000
114400000
286654464000
114500000
286654464000
114600000
286654464000
114700000
286654464000
114800000
286654464000
114900000
286654464000
115000000
286654464000
115100000
286654464000
115200000
286654464000
115300000
286654464000
115400000
286654464000
115500000
286654464000
115600000
286654464000
115700000
286654464000
115800000
286654464000
115900000
286654464000
116000000
286654464000
116100000
286654464000
116200000
286654464000
116300000
286654464000
116400000
286654464000
116500000
286654464000
116600000
286654464000
116700000
286654464000
116800000
286654464000
116900000
286654464000
117000000
286654464000
117100000
286654464000
117200000
286654464000
117300000
286654464000
117400000
286654464000
117500000
286654464000
117600000
286654464000
117700000
286654464000
117800000
286654464000
117900000
286654464000
118000000
286654464000
118100000
286654464000
118200000
286654464000
118300000
286654464000
118400000
286654464000
118500000
286654464000
118600000
286654464000
118700000
286654464000
118800000
286654464000
118900000
286654464000
119000000
286654464000
119100000
286654464000
119200000
286654464000
119300000
286654464000
119400000
286654464000
119500000
286654464000
119600000
286654464000
119700000
286654464000
119800000
286654464000
119900000
286654464000
120000000
286654464000
120100000
286654464000
120200000
286654464000
120300000
286654464000
120400000
286654464000
120500000
286654464000
120600000
286654464000
120700000
286654464000
120800000
286654464000
120900000
286654464000
121000000
286654464000
121100000
286654464000
121200000
286654464000
121300000
286654464000
121400000
286654464000
121500000
286654464000
121600000
286654464000
121700000
286654464000
121800000
286654464000
121900000
286654464000
122000000
286654464000
122100000
286654464000
122200000
286654464000
122300000
286654464000
122400000
286654464000
122500000
286654464000
122600000
286654464000
122700000
286654464000
122800000
286654464000
122900000
286654464000
123000000
286654464000
123100000
286654464000
123200000
286654464000
123300000
286654464000
123400000
286654464000
123500000
286654464000
123600000
286654464000
123700000
286654464000
123800000
286654464000
123900000
286654464000
124000000
286654464000
124100000
286654464000
124200000
286654464000
124300000
286654464000
124400000
286654464000
124500000
286654464000
124600000
286654464000
124700000
286654464000
124800000
286654464000
124900000
286654464000
125000000
286654464000
125100000
286654464000
125200000
286654464000
125300000
286654464000
125400000
286654464000
125500000
286654464000
125600000
286654464000
125700000
286654464000
125800000
286654464000
125900000
286654464000
126000000
286654464000
126100000
286654464000
126200000
286654464000
126300000
286654464000
126400000
286654464000
126500000
286654464000
126600000
286654464000
126700000
286654464000
126800000
286654464000
126900000
286654464000
127000000
286654464000
127100000
286654464000
127200000
286654464000
127300000
286654464000
127400000
286654464000
127500000
286654464000
127600000
286654464000
127700000
286654464000
127800000
286654464000
127900000
286654464000
128000000
286654464000
128100000
286654464000
128200000
286654464000
128300000
286654464000
128400000
286654464000
128500000
286654464000
128600000
286654464000
128700000
286654464000
128800000
286654464000
128900000
286654464000
129000000
286654464000
129100000
286654464000
129200000
286654464000
129300000
286654464000
129400000
286654464000
129500000
286654464000
129600000
286654464000
129700000
286654464000
129800000
286654464000
129900000
286654464000
130000000
286654464000
130100000
286654464000
130200000
286654464000
130300000
286654464000
130400000
286654464000
130500000
286654464000
130600000
286654464000
130700000
286654464000
130800000
286654464000
130900000
286654464000
131000000
286654464000
131100000
286654464000
131200000
286654464000
131300000
286654464000
131400000
286654464000
131500000
286654464000
131600000
286654464000
131700000
286654464000
131800000
286654464000
131900000
286654464000
132000000
286654464000
132100000
286654464000
132200000
286654464000
132300000
286654464000
132400000
286654464000
132500000
286654464000
132600000
286654464000
132700000
286654464000
132800000
286654464000
132900000
286654464000
133000000
286654464000
133100000
286654464000
133200000
286654464000
133300000
286654464000
133400000
286654464000
133500000
286654464000
133600000
286654464000
133700000
286654464000
133800000
286654464000
133900000
286654464000
134000000
286654464000
134100000
286654464000
134200000
286654464000
134300000
286654464000
134400000
286654464000
134500000
286654464000
134600000
286654464000
134700000
286654464000
134800000
286654464000
134900000
286654464000
135000000
286654464000
135100000
286654464000
135200000
286654464000
135300000
286654464000
135400000
286654464000
135500000
286654464000
135600000
286654464000
135700000
286654464000
135800000
286654464000
135900000
286654464000
136000000
286654464000
136100000
286654464000
136200000
286654464000
136300000
286654464000
136400000
286654464000
136500000
286654464000
136600000
286654464000
136700000
286654464000
136800000
286654464000
136900000
286654464000
137000000
286654464000
137100000
286654464000
137200000
286654464000
137300000
286654464000
137400000
286654464000
137500000
286654464000
137600000
286654464000
137700000
286654464000
137800000
286654464000
137900000
286654464000
138000000
286654464000
138100000
286654464000
138200000
286654464000
138300000
286654464000
138400000
286654464000
138500000
286654464000
138600000
286654464000
138700000
286654464000
138800000
286654464000
138900000
286654464000
139000000
286654464000
139100000
286654464000
139200000
286654464000
139300000
286654464000
139400000
286654464000
139500000
286654464000
139600000
286654464000
139700000
286654464000
139800000
286654464000
139900000
286654464000
140000000
286654464000
140100000
286654464000
140200000
286654464000
140300000
286654464000
140400000
286654464000
140500000
286654464000
140600000
286654464000
140700000
286654464000
140800000
286654464000
140900000
286654464000
141000000
286654464000
141100000
286654464000
141200000
286654464000
141300000
286654464000
141400000
286654464000
141500000
286654464000
141600000
286654464000
141700000
286654464000
141800000
286654464000
141900000
286654464000
142000000
286654464000
142100000
286654464000
142200000
286654464000
142300000
286654464000
142400000
286654464000
142500000
286654464000
142600000
286654464000
142700000
286654464000
142800000
286654464000
142900000
286654464000
143000000
286654464000
143100000
286654464000
143200000
286654464000
143300000
286654464000
143400000
286654464000
143500000
286654464000
143600000
286654464000
143700000
286654464000
143800000
286654464000
143900000
286654464000
144000000
286654464000
144100000
286654464000
144200000
286654464000
144300000
286654464000
144400000
286654464000
144500000
286654464000
144600000
286654464000
144700000
286654464000
144800000
286654464000
144900000
286654464000
145000000
286654464000
145100000
286654464000
145200000
286654464000
145300000
286654464000
145400000
286654464000
145500000
286654464000
145600000
286654464000
145700000
286654464000
145800000
286654464000
145900000
286654464000
146000000
286654464000
146100000
286654464000
146200000
286654464000
146300000
286654464000
146400000
286654464000
146500000
286654464000
146600000
286654464000
146700000
286654464000
146800000
286654464000
146900000
286654464000
147000000
286654464000
147100000
286654464000
147200000
286654464000
147300000
286654464000
147400000
286654464000
147500000
286654464000
147600000
286654464000
147700000
286654464000
147800000
286654464000
147900000
286654464000
148000000
286654464000
148100000
286654464000
148200000
286654464000
148300000
286654464000
148400000
286654464000
148500000
286654464000
148600000
286654464000
148700000
286654464000
148800000
286654464000
148900000
286654464000
149000000
286654464000
149100000
286654464000
149200000
286654464000
149300000
286654464000
149400000
286654464000
149500000
286654464000
149600000
286654464000
149700000
286654464000
149800000
286654464000
149900000
286654464000
150000000
286654464000
150100000
286654464000
150200000
286654464000
150300000
286654464000
150400000
286654464000
150500000
286654464000
150600000
286654464000
150700000
286654464000
150800000
286654464000
150900000
286654464000
151000000
286654464000
151100000
286654464000
151200000
286654464000
151300000
286654464000
151400000
286654464000
151500000
286654464000
151600000
286654464000
151700000
286654464000
151800000
286654464000
151900000
286654464000
152000000
286654464000
152100000
286654464000
152200000
286654464000
152300000
286654464000
152400000
286654464000
152500000
286654464000
152600000
286654464000
152700000
286654464000
152800000
286654464000
152900000
286654464000
153000000
286654464000
153100000
286654464000
153200000
286654464000
153300000
286654464000
153400000
286654464000
153500000
286654464000
153600000
286654464000
153700000
286654464000
153800000
286654464000
153900000
286654464000
154000000
286654464000
154100000
286654464000
154200000
286654464000
154300000
286654464000
154400000
286654464000
154500000
286654464000
154600000
286654464000
154700000
286654464000
154800000
286654464000
154900000
286654464000
155000000
286654464000
155100000
286654464000
155200000
286654464000
155300000
286654464000
155400000
286654464000
155500000
286654464000
155600000
286654464000
155700000
286654464000
155800000
286654464000
155900000
286654464000
156000000
286654464000
156100000
286654464000
156200000
286654464000
156300000
286654464000
156400000
286654464000
156500000
286654464000
156600000
286654464000
156700000
286654464000
156800000
286654464000
156900000
286654464000
157000000
286654464000
157100000
286654464000
157200000
286654464000
157300000
286654464000
157400000
286654464000
157500000
286654464000
157600000
286654464000
157700000
286654464000
157800000
286654464000
157900000
286654464000
158000000
286654464000
158100000
286654464000
158200000
286654464000
158300000
286654464000
158400000
286654464000
158500000
286654464000
158600000
286654464000
158700000
286654464000
158800000
286654464000
158900000
286654464000
159000000
286654464000
159100000
286654464000
159200000
286654464000
159300000
286654464000
159400000
286654464000
159500000
286654464000
159600000
286654464000
159700000
286654464000
159800000
286654464000
159900000
286654464000
160000000
286654464000
160100000
286654464000
160200000
286654464000
160300000
286654464000
160400000
286654464000
160500000
286654464000
160600000
286654464000
160700000
286654464000
160800000
286654464000
160900000
286654464000
161000000
286654464000
161100000
286654464000
161200000
286654464000
161300000
286654464000
161400000
286654464000
161500000
286654464000
161600000
286654464000
161700000
286654464000
161800000
286654464000
161900000
286654464000
162000000
286654464000
162100000
286654464000
162200000
286654464000
162300000
286654464000
162400000
286654464000
162500000
286654464000
162600000
286654464000
162700000
286654464000
162800000
286654464000
162900000
286654464000
163000000
286654464000
163100000
286654464000
163200000
286654464000
163300000
286654464000
163400000
286654464000
163500000
286654464000
163600000
286654464000
163700000
286654464000
163800000
286654464000
163900000
286654464000
164000000
286654464000
164100000
286654464000
164200000
286654464000
164300000
286654464000
164400000
286654464000
164500000
286654464000
164600000
286654464000
164700000
286654464000
164800000
286654464000
164900000
286654464000
165000000
286654464000
165100000
286654464000
165200000
286654464000
165300000
286654464000
165400000
286654464000
165500000
286654464000
165600000
286654464000
165700000
286654464000
165800000
286654464000
165900000
286654464000
166000000
286654464000
166100000
286654464000
166200000
286654464000
166300000
286654464000
166400000
286654464000
166500000
286654464000
166600000
286654464000
166700000
286654464000
166800000
286654464000
166900000
286654464000
167000000
286654464000
167100000
286654464000
167200000
286654464000
167300000
286654464000
167400000
286654464000
167500000
286654464000
167600000
286654464000
167700000
286654464000
167800000
286654464000
167900000
286654464000
168000000
286654464000
168100000
286654464000
168200000
286654464000
168300000
286654464000
168400000
286654464000
168500000
286654464000
168600000
286654464000
168700000
286654464000
168800000
286654464000
168900000
286654464000
169000000
286654464000
169100000
286654464000
169200000
286654464000
169300000
286654464000
169400000
286654464000
169500000
286654464000
169600000
286654464000
169700000
286654464000
169800000
286654464000
169900000
286654464000
170000000
286654464000
170100000
286654464000
170200000
286654464000
170300000
286654464000
170400000
286654464000
170500000
286654464000
170600000
286654464000
170700000
286654464000
170800000
286654464000
170900000
286654464000
171000000
286654464000
171100000
286654464000
171200000
286654464000
171300000
286654464000
171400000
286654464000
171500000
286654464000
171600000
286654464000
171700000
286654464000
171800000
286654464000
171900000
286654464000
172000000
286654464000
172100000
286654464000
172200000
286654464000
172300000
286654464000
172400000
286654464000
172500000
286654464000
172600000
286654464000
172700000
286654464000
172800000
286654464000
172900000
286654464000
173000000
286654464000
173100000
286654464000
173200000
286654464000
173300000
286654464000
173400000
286654464000
173500000
286654464000
173600000
286654464000
173700000
286654464000
173800000
286654464000
173900000
286654464000
174000000
286654464000
174100000
286654464000
174200000
286654464000
174300000
286654464000
174400000
286654464000
174500000
286654464000
174600000
286654464000
174700000
286654464000
174800000
286654464000
174900000
286654464000
175000000
286654464000
175100000
286654464000
175200000
286654464000
175300000
286654464000
175400000
286654464000
175500000
286654464000
175600000
286654464000
175700000
286654464000
175800000
286654464000
175900000
286654464000
176000000
286654464000
176100000
286654464000
176200000
286654464000
176300000
286654464000
176400000
286654464000
176500000
286654464000
176600000
286654464000
176700000
286654464000
176800000
286654464000
176900000
286654464000
177000000
286654464000
177100000
286654464000
177200000
286654464000
177300000
286654464000
177400000
286654464000
177500000
286654464000
177600000
286654464000
177700000
286654464000
177800000
286654464000
177900000
286654464000
178000000
286654464000
178100000
286654464000
178200000
286654464000
178300000
286654464000
178400000
286654464000
178500000
286654464000
178600000
286654464000
178700000
286654464000
178800000
286654464000
178900000
286654464000
179000000
286654464000
179100000
286654464000
179200000
286654464000
179300000
286654464000
179400000
286654464000
179500000
286654464000
179600000
286654464000
179700000
286654464000
179800000
286654464000
179900000
286654464000
180000000
286654464000
180100000
286654464000
180200000
286654464000
180300000
286654464000
180400000
286654464000
180500000
286654464000
180600000
286654464000
180700000
286654464000
180800000
286654464000
180900000
286654464000
181000000
286654464000
181100000
286654464000
181200000
286654464000
181300000
286654464000
181400000
286654464000
181500000
286654464000
181600000
286654464000
181700000
286654464000
181800000
286654464000
181900000
286654464000
182000000
286654464000
182100000
286654464000
182200000
286654464000
182300000
286654464000
182400000
286654464000
182500000
286654464000
182600000
286654464000
182700000
286654464000
182800000
286654464000
182900000
286654464000
183000000
286654464000
183100000
286654464000
183200000
286654464000
183300000
286654464000
183400000
286654464000
183500000
286654464000
183600000
286654464000
183700000
286654464000
183800000
286654464000
183900000
286654464000
184000000
286654464000
184100000
286654464000
184200000
286654464000
184300000
286654464000
184400000
286654464000
184500000
286654464000
184600000
286654464000
184700000
286654464000
184800000
286654464000
184900000
286654464000
185000000
286654464000
185100000
286654464000
185200000
286654464000
185300000
286654464000
185400000
286654464000
185500000
286654464000
185600000
286654464000
185700000
286654464000
185800000
286654464000
185900000
286654464000
186000000
286654464000
186100000
286654464000
186200000
286654464000
186300000
286654464000
186400000
286654464000
186500000
286654464000
186600000
286654464000
186700000
286654464000
186800000
286654464000
186900000
286654464000
187000000
286654464000
187100000
286654464000
187200000
286654464000
187300000
286654464000
187400000
286654464000
187500000
286654464000
187600000
286654464000
187700000
286654464000
187800000
286654464000
187900000
286654464000
188000000
286654464000
188100000
286654464000
188200000
286654464000
188300000
286654464000
188400000
286654464000
188500000
286654464000
188600000
286654464000
188700000
286654464000
188800000
286654464000
188900000
286654464000
189000000
286654464000
189100000
286654464000
189200000
286654464000
189300000
286654464000
189400000
286654464000
189500000
286654464000
189600000
286654464000
189700000
286654464000
189800000
286654464000
189900000
286654464000
190000000
286654464000
190100000
286654464000
190200000
286654464000
190300000
286654464000
190400000
286654464000
190500000
286654464000
190600000
286654464000
190700000
286654464000
190800000
286654464000
190900000
286654464000
191000000
286654464000
191100000
286654464000
191200000
286654464000
191300000
286654464000
191400000
286654464000
191500000
286654464000
191600000
286654464000
191700000
286654464000
191800000
286654464000
191900000
286654464000
192000000
286654464000
192100000
286654464000
192200000
286654464000
192300000
286654464000
192400000
286654464000
192500000
286654464000
192600000
286654464000
192700000
286654464000
192800000
286654464000
192900000
286654464000
193000000
286654464000
193100000
286654464000
193200000
286654464000
193300000
286654464000
193400000
286654464000
193500000
286654464000
193600000
286654464000
193700000
286654464000
193800000
286654464000
193900000
286654464000
194000000
286654464000
194100000
286654464000
194200000
286654464000
194300000
286654464000
194400000
286654464000
194500000
286654464000
194600000
286654464000
194700000
286654464000
194800000
286654464000
194900000
286654464000
195000000
286654464000
195100000
286654464000
195200000
286654464000
195300000
286654464000
195400000
286654464000
195500000
286654464000
195600000
286654464000
195700000
286654464000
195800000
286654464000
195900000
286654464000
196000000
286654464000
196100000
286654464000
196200000
286654464000
196300000
286654464000
196400000
286654464000
196500000
286654464000
196600000
286654464000
196700000
286654464000
196800000
286654464000
196900000
286654464000
197000000
286654464000
197100000
286654464000
197200000
286654464000
197300000
286654464000
197400000
286654464000
197500000
286654464000
197600000
286654464000
197700000
286654464000
197800000
286654464000
197900000
286654464000
198000000
286654464000
198100000
286654464000
198200000
286654464000
198300000
286654464000
198400000
286654464000
198500000
286654464000
198600000
286654464000
198700000
286654464000
198800000
286654464000
198900000
286654464000
199000000
286654464000
199100000
286654464000
199200000
286654464000
199300000
286654464000
199400000
286654464000
199500000
286654464000
199600000
286654464000
199700000
286654464000
199800000
286654464000
199900000
286654464000
200000000
286654464000
200100000
286654464000
200200000
286654464000
200300000
286654464000
200400000
286654464000
200500000
286654464000
200600000
286654464000
200700000
286654464000
200800000
286654464000
200900000
286654464000
201000000
286654464000
201100000
286654464000
201200000
286654464000
201300000
286654464000
201400000
286654464000
201500000
286654464000
201600000
286654464000
201700000
286654464000
201800000
286654464000
201900000
286654464000
202000000
286654464000
202100000
286654464000
202200000
286654464000
202300000
286654464000
202400000
286654464000
202500000
286654464000
202600000
286654464000
202700000
286654464000
202800000
286654464000
202900000
286654464000
203000000
286654464000
203100000
286654464000
203200000
286654464000
203300000
286654464000
203400000
286654464000
203500000
286654464000
203600000
286654464000
203700000
286654464000
203800000
286654464000
203900000
286654464000
204000000
286654464000
204100000
286654464000
204200000
286654464000
204300000
286654464000
204400000
286654464000
204500000
286654464000
204600000
286654464000
204700000
286654464000
204800000
286654464000
204900000
286654464000
205000000
286654464000
205100000
286654464000
205200000
286654464000
205300000
286654464000
205400000
286654464000
205500000
286654464000
205600000
286654464000
205700000
286654464000
205800000
286654464000
205900000
286654464000
206000000
286654464000
206100000
286654464000
206200000
286654464000
206300000
286654464000
206400000
286654464000
206500000
286654464000
206600000
286654464000
206700000
286654464000
206800000
286654464000
206900000
286654464000
207000000
286654464000
207100000
286654464000
207200000
286654464000
207300000
286654464000
207400000
286654464000
207500000
286654464000
207600000
286654464000
207700000
286654464000
207800000
286654464000
207900000
286654464000
208000000
286654464000
208100000
286654464000
208200000
286654464000
208300000
286654464000
208400000
286654464000
208500000
286654464000
208600000
286654464000
208700000
286654464000
208800000
286654464000
208900000
286654464000
209000000
286654464000
209100000
286654464000
209200000
286654464000
209300000
286654464000
209400000
286654464000
209500000
286654464000
209600000
286654464000
209700000
286654464000
209800000
286654464000
209900000
286654464000
210000000
286654464000
210100000
286654464000
210200000
286654464000
210300000
286654464000
210400000
286654464000
210500000
286654464000
210600000
286654464000
210700000
286654464000
210800000
286654464000
210900000
286654464000
211000000
286654464000
211100000
286654464000
211200000
286654464000
211300000
286654464000
211400000
286654464000
211500000
286654464000
211600000
286654464000
211700000
286654464000
211800000
286654464000
211900000
286654464000
212000000
286654464000
212100000
286654464000
212200000
286654464000
212300000
286654464000
212400000
286654464000
212500000
286654464000
212600000
286654464000
212700000
286654464000
212800000
286654464000
212900000
286654464000
213000000
286654464000
213100000
286654464000
213200000
286654464000
213300000
286654464000
213400000
286654464000
213500000
286654464000
213600000
286654464000
213700000
286654464000
213800000
286654464000
213900000
286654464000
214000000
286654464000
214100000
286654464000
214200000
286654464000
214300000
286654464000
214400000
286654464000
214500000
286654464000
214600000
286654464000
214700000
286654464000
214800000
286654464000
214900000
286654464000
215000000
286654464000
215100000
286654464000
215200000
286654464000
215300000
286654464000
215400000
286654464000
215500000
286654464000
215600000
286654464000
215700000
286654464000
215800000
286654464000
215900000
286654464000
216000000
286654464000
216100000
286654464000
216200000
286654464000
216300000
286654464000
216400000
286654464000
216500000
286654464000
216600000
286654464000
216700000
286654464000
216800000
286654464000
216900000
286654464000
217000000
286654464000
217100000
286654464000
217200000
286654464000
217300000
286654464000
217400000
286654464000
217500000
286654464000
217600000
286654464000
217700000
286654464000
217800000
286654464000
217900000
286654464000
218000000
286654464000
218100000
286654464000
218200000
286654464000
218300000
286654464000
218400000
286654464000
218500000
286654464000
218600000
286654464000
218700000
286654464000
218800000
286654464000
218900000
286654464000
219000000
286654464000
219100000
286654464000
219200000
286654464000
219300000
286654464000
219400000
286654464000
219500000
286654464000
219600000
286654464000
219700000
286654464000
219800000
286654464000
219900000
286654464000
220000000
286654464000
220100000
286654464000
220200000
286654464000
220300000
286654464000
220400000
286654464000
220500000
286654464000
220600000
286654464000
220700000
286654464000
220800000
286654464000
220900000
286654464000
221000000
286654464000
221100000
286654464000
221200000
286654464000
221300000
286654464000
221400000
286654464000
221500000
286654464000
221600000
286654464000
221700000
286654464000
221800000
286654464000
221900000
286654464000
222000000
286654464000
222100000
286654464000
222200000
286654464000
222300000
286654464000
222400000
286654464000
222500000
286654464000
222600000
286654464000
222700000
286654464000
222800000
286654464000
222900000
286654464000
223000000
286654464000
223100000
286654464000
223200000
286654464000
223300000
286654464000
223400000
286654464000
223500000
286654464000
223600000
286654464000
223700000
286654464000
223800000
286654464000
223900000
286654464000
224000000
286654464000
224100000
286654464000
224200000
286654464000
224300000
286654464000
224400000
286654464000
224500000
286654464000
224600000
286654464000
224700000
286654464000
224800000
286654464000
224900000
286654464000
225000000
286654464000
225100000
286654464000
225200000
286654464000
225300000
286654464000
225400000
286654464000
225500000
286654464000
225600000
286654464000
225700000
286654464000
225800000
286654464000
225900000
286654464000
226000000
286654464000
226100000
286654464000
226200000
286654464000
226300000
286654464000
226400000
286654464000
226500000
286654464000
226600000
286654464000
226700000
286654464000
226800000
286654464000
226900000
286654464000
227000000
286654464000
227100000
286654464000
227200000
286654464000
227300000
286654464000
227400000
286654464000
227500000
286654464000
227600000
286654464000
227700000
286654464000
227800000
286654464000
227900000
286654464000
228000000
286654464000
228100000
286654464000
228200000
286654464000
228300000
286654464000
228400000
286654464000
228500000
286654464000
228600000
286654464000
228700000
286654464000
228800000
286654464000
228900000
286654464000
229000000
286654464000
229100000
286654464000
229200000
286654464000
229300000
286654464000
229400000
286654464000
229500000
286654464000
229600000
286654464000
229700000
286654464000
229800000
286654464000
229900000
286654464000
230000000
286654464000
230100000
286654464000
230200000
286654464000
230300000
286654464000
230400000
286654464000
230500000
286654464000
230600000
286654464000
230700000
286654464000
230800000
286654464000
230900000
286654464000
231000000
286654464000
231100000
286654464000
231200000
286654464000
231300000
286654464000
231400000
286654464000
231500000
286654464000
231600000
286654464000
231700000
286654464000
231800000
286654464000
231900000
286654464000
232000000
286654464000
232100000
286654464000
232200000
286654464000
232300000
286654464000
232400000
286654464000
232500000
286654464000
232600000
286654464000
232700000
286654464000
232800000
286654464000
232900000
286654464000
233000000
286654464000
233100000
286654464000
233200000
286654464000
233300000
286654464000
233400000
286654464000
233500000
286654464000
233600000
286654464000
233700000
286654464000
233800000
286654464000
233900000
286654464000
234000000
286654464000
234100000
286654464000
234200000
286654464000
234300000
286654464000
234400000
286654464000
234500000
286654464000
234600000
286654464000
234700000
286654464000
234800000
286654464000
234900000
286654464000
235000000
286654464000
235100000
286654464000
235200000
286654464000
235300000
286654464000
235400000
286654464000
235500000
286654464000
235600000
286654464000
235700000
286654464000
235800000
286654464000
235900000
286654464000
236000000
286654464000
236100000
286654464000
236200000
286654464000
236300000
286654464000
236400000
286654464000
236500000
286654464000
236600000
286654464000
236700000
286654464000
236800000
286654464000
236900000
286654464000
237000000
286654464000
237100000
286654464000
237200000
286654464000
237300000
286654464000
237400000
286654464000
237500000
286654464000
237600000
286654464000
237700000
286654464000
237800000
286654464000
237900000
286654464000
238000000
286654464000
238100000
286654464000
238200000
286654464000
238300000
286654464000
238400000
286654464000
238500000
286654464000
238600000
286654464000
238700000
286654464000
238800000
286654464000
238900000
286654464000
239000000
286654464000
239100000
286654464000
239200000
286654464000
239300000
286654464000
239400000
286654464000
239500000
286654464000
239600000
286654464000
239700000
286654464000
239800000
286654464000
239900000
286654464000
240000000
286654464000
240100000
286654464000
240200000
286654464000
240300000
286654464000
240400000
286654464000
240500000
286654464000
240600000
286654464000
240700000
286654464000
240800000
286654464000
240900000
286654464000
241000000
286654464000
241100000
286654464000
241200000
286654464000
241300000
286654464000
241400000
286654464000
241500000
286654464000
241600000
286654464000
241700000
286654464000
241800000
286654464000
241900000
286654464000
242000000
286654464000
242100000
286654464000
242200000
286654464000
242300000
286654464000
242400000
286654464000
242500000
286654464000
242600000
286654464000
242700000
286654464000
242800000
286654464000
242900000
286654464000
243000000
286654464000
243100000
286654464000
243200000
286654464000
243300000
286654464000
243400000
286654464000
243500000
286654464000
243600000
286654464000
243700000
286654464000
243800000
286654464000
243900000
286654464000
244000000
286654464000
244100000
286654464000
244200000
286654464000
244300000
286654464000
244400000
286654464000
244500000
286654464000
244600000
286654464000
244700000
286654464000
244800000
286654464000
244900000
286654464000
245000000
286654464000
245100000
286654464000
245200000
286654464000
245300000
286654464000
245400000
286654464000
245500000
286654464000
245600000
286654464000
245700000
286654464000
245800000
286654464000
245900000
286654464000
246000000
286654464000
246100000
286654464000
246200000
286654464000
246300000
286654464000
246400000
286654464000
246500000
286654464000
246600000
286654464000
246700000
286654464000
246800000
286654464000
246900000
286654464000
247000000
286654464000
247100000
286654464000
247200000
286654464000
247300000
286654464000
247400000
286654464000
247500000
286654464000
247600000
286654464000
247700000
286654464000
247800000
286654464000
247900000
286654464000
248000000
286654464000
248100000
286654464000
248200000
286654464000
248300000
286654464000
248400000
286654464000
248500000
286654464000
248600000
286654464000
248700000
286654464000
248800000
286654464000
248900000
286654464000
249000000
286654464000
249100000
286654464000
249200000
286654464000
249300000
286654464000
249400000
286654464000
249500000
286654464000
249600000
286654464000
249700000
286654464000
249800000
286654464000
249900000
286654464000
250000000
286654464000
250100000
286654464000
250200000
286654464000
250300000
286654464000
250400000
286654464000
250500000
286654464000
250600000
286654464000
250700000
286654464000
250800000
286654464000
250900000
286654464000
251000000
286654464000
251100000
286654464000
251200000
286654464000
251300000
286654464000
251400000
286654464000
251500000
286654464000
251600000
286654464000
251700000
286654464000
251800000
286654464000
251900000
286654464000
