1 3
2 7
3 10
4 11
5 15
6 15
7 18
8 19
9 21
10 22
11 23
12 24
13 27
14 27
15 29
16 30
17 33
18 34
19 37
20 37
21 40
22 42
23 45
24 47
25 48
26 48
27 51
28 55
29 61
30 64
31 68
32 70
33 72
34 72
35 73
36 76
37 77
38 77
39 79
40 82
41 83
42 86
43 91
44 92
45 93
46 95
47 96
48 98
49 102
50 104
51 106
52 108
53 109
54 114
55 116
56 117
57 122
58 124
59 124
60 125
61 125
62 126
63 130
64 131
65 133
66 136
67 140
68 140
69 141
70 143
71 144
72 148
73 150
74 154
75 155
76 160
77 162
78 166
79 168
80 171
81 173
82 175
83 177
84 179
85 180
86 181
87 183
88 186
89 189
90 192
91 193
92 196
93 198
94 200
95 201
96 201
97 203
98 204
99 206
100 209
101 212
102 215
103 216
104 219
105 220
106 223
107 223
108 223
109 226
110 228
111 229
112 230
113 233
114 234
115 234
116 237
117 239
118 239
119 243
120 244
121 245
122 248
123 254
124 254
125 255
126 256
127 258
128 260
129 263
130 264
131 265
132 267
133 269
134 269
135 271
136 272
137 275
138 282
139 284
140 284
141 286
142 286
143 289
144 291
145 292
146 293
147 293
148 295
149 297
150 299
151 300
152 303
153 306
154 309
155 310
156 314
157 314
158 314
159 314
160 315
161 318
162 318
163 320
164 321
165 321
166 324
167 326
168 328
169 329
170 330
171 335
172 338
173 339
174 341
175 342
176 345
177 348
178 348
179 348
180 352
181 352
182 353
183 354
184 357
185 359
186 361
187 363
188 365
189 366
190 368
191 371
192 373
193 373
194 374
195 376
196 380
197 382
198 383
199 385
200 385
201 388
202 393
203 395
204 396
205 400
206 402
207 405
208 406
209 410
210 413
211 413
212 413
213 416
214 419
215 420
216 421
217 424
218 426
219 428
220 429
221 430
222 431
223 431
224 433
225 434
226 434
227 435
228 436
229 439
230 442
231 442
232 444
233 445
234 447
235 449
236 453
237 457
238 460
239 465
240 471
241 473
242 475
243 479
244 479
245 482
246 483
247 485
248 486
249 490
250 493
251 493
252 496
253 497
254 499
255 502
256 503
257 506
258 506
259 508
260 510
261 512
262 514
263 516
264 517
265 518
266 521
267 524
268 527
269 528
270 531
271 535
272 538
273 542
274 543
275 546
276 547
277 551
278 552
279 553
280 555
281 555
282 557
283 558
284 559
285 560
286 560
287 561
288 564
289 565
290 566
291 566
292 567
293 571
294 572
295 575
296 580
297 584
298 584
299 584
300 590
301 591
302 594
303 596
304 597
305 601
306 605
307 606
308 606
309 608
310 609
311 613
312 613
313 616
314 618
315 619
316 622
317 623
318 626
319 630
320 633
321 636
322 639
323 640
324 641
325 651
326 653
327 656
328 658
329 658
330 658
331 658
332 660
333 667
334 669
335 669
336 673
337 674
338 679
339 681
340 682
341 683
342 685
343 685
344 686
345 687
346 689
347 691
348 691
349 697
350 699
351 704
352 704
353 707
354 707
355 707
356 707
357 711
358 712
359 712
360 712
361 712
362 714
363 715
364 717
365 719
366 720
367 721
368 723
369 725
370 727
371 731
372 733
373 736
374 738
375 741
376 741
377 742
378 744
379 746
380 747
381 748
382 749
383 751
384 754
385 754
386 754
387 759
388 762
389 763
390 763
391 765
392 767
393 768
394 768
395 772
396 775
397 780
398 781
399 783
400 785
401 787
402 791
403 792
404 792
405 796
406 799
407 800
408 802
409 805
410 805
411 807
412 809
413 812
414 816
415 817
416 820
417 820
418 821
419 821
420 824
421 825
422 825
423 826
424 828
425 828
426 830
427 832
428 837
429 837
430 837
431 840
432 842
433 844
434 847
435 847
436 851
437 852
438 855
439 857
440 862
441 866
442 866
443 869
444 871
445 872
446 873
447 876
448 877
449 880
450 882
451 885
452 888
453 889
454 890
455 891
456 895
457 897
458 897
459 899
460 900
461 903
462 905
463 907
464 908
465 912
466 915
467 920
468 925
469 927
470 929
471 930
472 934
473 934
474 936
475 939
476 942
477 942
478 943
479 945
480 945
481 947
482 949
483 950
484 950
485 953
486 957
487 958
488 960
489 962
490 965
491 967
492 969
493 970
494 971
495 974
496 978
497 978
498 982
499 986
500 986
501 989
502 992
503 994
504 999
505 1000
506 1001
507 1002
508 1002
509 1004
510 1005
511 1005
512 1007
513 1007
514 1010
515 1012
516 1013
517 1017
518 1020
519 1024
520 1026
521 1026
522 1029
523 1033
524 1034
525 1036
526 1039
527 1043
528 1045
529 1045
530 1046
531 1047
532 1048
533 1049
534 1052
535 1053
536 1057
537 1059
538 1060
539 1060
540 1063
541 1066
542 1067
543 1067
544 1070
545 1075
546 1077
547 1079
548 1082
549 1082
550 1085
551 1085
552 1085
553 1088
554 1089
555 1090
556 1094
557 1098
558 1101
559 1104
560 1107
561 1109
562 1111
563 1114
564 1115
565 1117
566 1118
567 1120
568 1124
569 1127
570 1129
571 1130
572 1132
573 1135
574 1137
575 1137
576 1142
577 1146
578 1147
579 1149
580 1152
581 1155
582 1157
583 1162
584 1164
585 1165
586 1166
587 1170
588 1170
589 1170
590 1171
591 1172
592 1173
593 1175
594 1180
595 1182
596 1187
597 1190
598 1191
599 1192
600 1192
601 1193
602 1193
603 1198
604 1201
605 1202
606 1203
607 1208
608 1209
609 1210
610 1211
611 1213
612 1217
613 1220
614 1222
615 1224
616 1227
617 1230
618 1233
619 1233
620 1235
621 1237
622 1239
623 1239
624 1242
625 1245
626 1247
627 1248
628 1251
629 1255
630 1256
631 1257
632 1257
633 1257
634 1257
635 1260
636 1267
637 1267
638 1270
639 1271
640 1272
641 1273
642 1277
643 1280
644 1280
645 1283
646 1283
647 1285
648 1285
649 1285
650 1286
651 1290
652 1292
653 1293
654 1295
655 1299
656 1301
657 1301
658 1302
659 1307
660 1307
661 1308
662 1309
663 1310
664 1311
665 1313
666 1317
667 1322
668 1326
669 1326
670 1328
671 1329
672 1330
673 1333
674 1335
675 1338
676 1340
677 1342
678 1346
679 1346
680 1348
681 1351
682 1353
683 1354
684 1356
685 1358
686 1359
687 1360
688 1361
689 1361
690 1362
691 1364
692 1365
693 1367
694 1368
695 1370
696 1370
697 1375
698 1375
699 1376
700 1380
701 1381
702 1383
703 1384
704 1387
705 1387
706 1388
707 1391
708 1392
709 1392
710 1394
711 1396
712 1399
713 1401
714 1402
715 1405
716 1410
717 1414
718 1417
719 1421
720 1423
721 1425
722 1428
723 1429
724 1430
725 1431
726 1432
727 1436
728 1436
729 1437
730 1440
731 1442
732 1443
733 1446
734 1447
735 1450
736 1453
737 1455
738 1456
739 1459
740 1460
741 1463
742 1464
743 1465
744 1468
745 1474
746 1478
747 1479
748 1479
749 1481
750 1484
751 1485
752 1486
753 1487
754 1491
755 1494
756 1496
757 1498
758 1501
759 1503
760 1504
761 1507
762 1509
763 1510
764 1511
765 1512
766 1514
767 1515
768 1516
769 1517
770 1520
771 1521
772 1524
773 1527
774 1528
775 1530
776 1534
777 1536
778 1540
779 1544
780 1545
781 1548
782 1550
783 1553
784 1553
785 1555
786 1558
787 1560
788 1562
789 1564
790 1566
791 1568
792 1569
793 1572
794 1575
795 1575
796 1576
797 1580
798 1583
799 1586
800 1590
801 1592
802 1595
803 1599
804 1601
805 1602
806 1602
807 1604
808 1604
809 1607
810 1612
811 1613
812 1615
813 1616
814 1616
815 1620
816 1623
817 1624
818 1626
819 1627
820 1630
821 1635
822 1637
823 1638
824 1642
825 1644
826 1647
827 1648
828 1649
829 1650
830 1651
831 1655
832 1657
833 1659
834 1660
835 1664
836 1666
837 1667
838 1668
839 1669
840 1670
841 1673
842 1677
843 1678
844 1679
845 1682
846 1683
847 1688
848 1689
849 1689
850 1691
851 1693
852 1694
853 1694
854 1698
855 1699
856 1703
857 1705
858 1710
859 1711
860 1715
861 1716
862 1720
863 1720
864 1722
865 1724
866 1726
867 1727
868 1731
869 1736
870 1738
871 1738
872 1741
873 1744
874 1745
875 1748
876 1749
877 1749
878 1749
879 1752
880 1752
881 1756
882 1759
883 1761
884 1763
885 1764
886 1766
887 1769
888 1770
889 1771
890 1771
891 1772
892 1775
893 1775
894 1775
895 1778
896 1779
897 1780
898 1781
899 1783
900 1784
901 1786
902 1787
903 1790
904 1794
905 1795
906 1798
907 1798
908 1800
909 1801
910 1803
911 1805
912 1806
913 1811
914 1813
915 1815
916 1818
917 1820
918 1821
919 1823
920 1824
921 1827
922 1828
923 1829
924 1829
925 1833
926 1836
927 1839
928 1840
929 1842
930 1845
931 1847
932 1848
933 1850
934 1852
935 1854
936 1855
937 1857
938 1860
939 1864
940 1866
941 1867
942 1868
943 1869
944 1871
945 1872
946 1873
947 1877
948 1880
949 1880
950 1881
951 1884
952 1884
953 1886
954 1891
955 1895
956 1898
957 1900
958 1901
959 1903
960 1907
961 1908
962 1911
963 1913
964 1915
965 1916
966 1916
967 1917
968 1918
969 1920
970 1920
971 1920
972 1922
973 1924
974 1927
975 1929
976 1931
977 1933
978 1935
979 1935
980 1936
981 1939
982 1940
983 1940
984 1941
985 1945
986 1947
987 1949
988 1951
989 1953
990 1957
991 1958
992 1961
993 1961
994 1966
995 1967
996 1968
997 1970
998 1972
999 1973
1000 1975
1001 1975
1002 1977
1003 1981
1004 1982
1005 1985
1006 1989
1007 1990
1008 1991
1009 1993
1010 1994
1011 1996
1012 1997
1013 2002
1014 2004
1015 2006
1016 2009
1017 2013
1018 2014
1019 2017
1020 2018
1021 2020
1022 2023
1023 2025
1024 2026
1025 2028
1026 2029
1027 2031
1028 2034
1029 2037
1030 2037
1031 2038
1032 2038
1033 2040
1034 2042
1035 2044
1036 2047
1037 2049
1038 2052
1039 2053
1040 2053
1041 2057
1042 2061
1043 2062
1044 2063
1045 2068
1046 2068
1047 2072
1048 2077
1049 2078
1050 2080
1051 2083
1052 2086
1053 2089
1054 2091
1055 2092
1056 2093
1057 2096
1058 2097
1059 2099
1060 2099
1061 2102
1062 2104
1063 2105
1064 2106
1065 2109
1066 2112
1067 2113
1068 2113
1069 2115
1070 2118
1071 2119
1072 2121
1073 2125
1074 2128
1075 2128
1076 2131
1077 2133
1078 2134
1079 2135
1080 2137
1081 2140
1082 2141
1083 2144
1084 2146
1085 2147
1086 2155
1087 2157
1088 2158
1089 2161
1090 2164
1091 2165
1092 2166
1093 2168
1094 2172
1095 2172
1096 2175
1097 2178
1098 2182
1099 2183
1100 2186
1101 2190
1102 2194
1103 2194
1104 2198
1105 2202
1106 2203
1107 2203
1108 2206
1109 2208
1110 2211
1111 2215
1112 2215
1113 2217
1114 2221
1115 2223
1116 2224
1117 2225
1118 2228
1119 2229
1120 2230
1121 2232
1122 2235
1123 2239
1124 2240
1125 2244
1126 2245
1127 2245
1128 2248
1129 2250
1130 2252
1131 2255
1132 2259
1133 2264
1134 2266
1135 2269
1136 2273
1137 2275
1138 2277
1139 2281
1140 2283
1141 2285
1142 2286
1143 2290
1144 2291
1145 2291
1146 2297
1147 2299
1148 2300
1149 2300
1150 2301
1151 2302
1152 2305
1153 2308
1154 2312
1155 2313
1156 2317
1157 2321
1158 2323
1159 2324
1160 2325
1161 2325
1162 2326
1163 2327
1164 2328
1165 2334
1166 2336
1167 2337
1168 2337
1169 2340
1170 2340
1171 2343
1172 2345
1173 2346
1174 2346
1175 2349
1176 2352
1177 2353
1178 2354
1179 2355
1180 2359
1181 2361
1182 2363
1183 2364
1184 2365
1185 2369
1186 2371
1187 2372
1188 2374
1189 2376
1190 2376
1191 2379
1192 2382
1193 2382
1194 2383
1195 2387
1196 2388
1197 2388
1198 2392
1199 2394
1200 2397
1201 2398
1202 2401
1203 2404
1204 2404
1205 2407
1206 2408
1207 2409
1208 2412
1209 2414
1210 2416
1211 2418
1212 2421
1213 2423
1214 2424
1215 2427
1216 2431
1217 2433
1218 2435
1219 2438
1220 2439
1221 2440
1222 2443
1223 2443
1224 2445
1225 2446
1226 2447
1227 2448
1228 2449
1229 2450
1230 2452
1231 2454
1232 2456
1233 2458
1234 2461
1235 2461
1236 2461
1237 2461
1238 2462
1239 2463
1240 2466
1241 2470
1242 2473
1243 2475
1244 2478
1245 2479
1246 2480
1247 2484
1248 2486
1249 2487
1250 2489
1251 2491
1252 2492
1253 2494
1254 2494
1255 2494
1256 2495
1257 2498
1258 2502
1259 2506
1260 2507
1261 2508
1262 2509
1263 2509
1264 2509
1265 2511
1266 2514
1267 2517
1268 2521
1269 2522
1270 2525
1271 2526
1272 2528
1273 2531
1274 2531
1275 2535
1276 2538
1277 2540
1278 2542
1279 2544
1280 2548
1281 2550
1282 2551
1283 2556
1284 2556
1285 2558
1286 2559
1287 2562
1288 2563
1289 2564
1290 2566
1291 2568
1292 2574
1293 2574
1294 2575
1295 2578
1296 2579
1297 2582
1298 2583
1299 2586
1300 2587
1301 2592
1302 2595
1303 2598
1304 2600
1305 2602
1306 2604
1307 2610
1308 2613
1309 2614
1310 2615
1311 2615
1312 2615
1313 2618
1314 2620
1315 2623
1316 2625
1317 2627
1318 2627
1319 2627
1320 2630
1321 2634
1322 2638
1323 2641
1324 2641
1325 2643
1326 2644
1327 2649
1328 2652
1329 2656
1330 2662
1331 2664
1332 2665
1333 2667
1334 2671
1335 2673
1336 2675
1337 2678
1338 2679
1339 2680
1340 2684
1341 2686
1342 2688
1343 2690
1344 2692
1345 2694
1346 2698
1347 2698
1348 2700
1349 2700
1350 2701
1351 2703
1352 2704
1353 2707
1354 2707
1355 2710
1356 2711
1357 2711
1358 2712
1359 2714
1360 2716
1361 2721
1362 2725
1363 2727
1364 2730
1365 2731
1366 2732
1367 2736
1368 2737
1369 2740
1370 2741
1371 2744
1372 2746
1373 2748
1374 2750
1375 2752
1376 2753
1377 2755
1378 2759
1379 2761
1380 2761
1381 2761
1382 2764
1383 2765
1384 2768
1385 2769
1386 2770
1387 2771
1388 2771
1389 2774
1390 2775
1391 2775
1392 2778
1393 2781
1394 2783
1395 2784
1396 2787
1397 2789
1398 2792
1399 2795
1400 2795
1401 2798
1402 2801
1403 2802
1404 2803
1405 2807
1406 2809
1407 2811
1408 2814
1409 2819
1410 2819
1411 2821
1412 2827
1413 2830
1414 2830
1415 2833
1416 2836
1417 2837
1418 2837
1419 2837
1420 2843
1421 2846
1422 2848
1423 2848
1424 2851
1425 2851
1426 2856
1427 2858
1428 2858
1429 2860
1430 2864
1431 2864
1432 2865
1433 2868
1434 2871
1435 2873
1436 2873
1437 2874
1438 2877
1439 2878
1440 2879
1441 2879
1442 2880
1443 2882
1444 2884
1445 2885
1446 2887
1447 2889
1448 2889
1449 2891
1450 2892
1451 2893
1452 2893
1453 2898
1454 2899
1455 2900
1456 2901
1457 2905
1458 2907
1459 2907
1460 2910
1461 2913
1462 2914
1463 2915
1464 2918
1465 2920
1466 2921
1467 2926
1468 2928
1469 2930
1470 2934
1471 2934
1472 2936
1473 2938
1474 2939
1475 2941
1476 2944
1477 2946
1478 2949
1479 2950
1480 2950
1481 2952
1482 2952
1483 2953
1484 2956
1485 2960
1486 2962
1487 2962
1488 2963
1489 2965
1490 2968
1491 2968
1492 2970
1493 2970
1494 2972
1495 2975
1496 2978
1497 2979
1498 2981
1499 2983
1500 2987
1501 2987
1502 2987
1503 2989
1504 2989
1505 2991
1506 2992
1507 2992
1508 2994
1509 3000
1510 3000
1511 3001
1512 3003
1513 3005
1514 3008
1515 3012
1516 3014
1517 3015
1518 3017
1519 3019
1520 3022
1521 3023
1522 3023
1523 3026
1524 3027
1525 3030
1526 3034
1527 3036
1528 3036
1529 3038
1530 3040
1531 3042
1532 3044
1533 3044
1534 3047
1535 3049
1536 3049
1537 3050
1538 3051
1539 3051
1540 3051
1541 3054
1542 3057
1543 3061
1544 3062
1545 3063
1546 3065
1547 3066
1548 3066
1549 3068
1550 3069
1551 3071
1552 3073
1553 3076
1554 3077
1555 3079
1556 3080
1557 3085
1558 3089
1559 3090
1560 3093
1561 3097
1562 3100
1563 3103
1564 3104
1565 3107
1566 3109
1567 3111
1568 3115
1569 3117
1570 3119
1571 3120
1572 3121
1573 3122
1574 3123
1575 3124
1576 3127
1577 3129
1578 3130
1579 3131
1580 3133
1581 3134
1582 3134
1583 3135
1584 3139
1585 3139
1586 3144
1587 3144
1588 3148
1589 3151
1590 3154
1591 3154
1592 3157
1593 3159
1594 3161
1595 3161
1596 3161
1597 3161
1598 3163
1599 3166
1600 3167
1601 3169
1602 3170
1603 3174
1604 3176
1605 3177
1606 3177
1607 3179
1608 3181
1609 3181
1610 3182
1611 3185
1612 3186
1613 3188
1614 3190
1615 3193
1616 3194
1617 3197
1618 3200
1619 3200
1620 3200
1621 3201
1622 3204
1623 3210
1624 3212
1625 3212
1626 3216
1627 3219
1628 3221
1629 3223
1630 3228
1631 3230
1632 3231
1633 3233
1634 3235
1635 3238
1636 3241
1637 3244
1638 3246
1639 3248
1640 3248
1641 3252
1642 3255
1643 3259
1644 3261
1645 3262
1646 3264
1647 3266
1648 3268
1649 3271
1650 3273
1651 3274
1652 3277
1653 3283
1654 3284
1655 3287
1656 3289
1657 3290
1658 3291
1659 3295
1660 3299
1661 3302
1662 3303
1663 3303
1664 3306
1665 3306
1666 3308
1667 3310
1668 3311
1669 3312
1670 3313
1671 3315
1672 3316
1673 3317
1674 3317
1675 3318
1676 3319
1677 3321
1678 3322
1679 3323
1680 3324
1681 3327
1682 3328
1683 3330
1684 3332
1685 3332
1686 3333
1687 3338
1688 3339
1689 3342
1690 3346
1691 3348
1692 3349
1693 3351
1694 3352
1695 3354
1696 3355
1697 3358
1698 3362
1699 3363
1700 3363
1701 3366
1702 3367
1703 3368
1704 3372
1705 3374
1706 3377
1707 3380
1708 3384
1709 3387
1710 3388
1711 3389
1712 3392
1713 3393
1714 3396
1715 3397
1716 3400
1717 3401
1718 3401
1719 3405
1720 3409
1721 3412
1722 3414
1723 3416
1724 3418
1725 3418
1726 3419
1727 3421
1728 3421
1729 3425
1730 3427
1731 3427
1732 3430
1733 3430
1734 3431
1735 3434
1736 3436
1737 3437
1738 3438
1739 3441
1740 3444
1741 3445
1742 3446
1743 3449
1744 3451
1745 3452
1746 3456
1747 3458
1748 3460
1749 3461
1750 3464
1751 3468
1752 3470
1753 3470
1754 3474
1755 3479
1756 3479
1757 3481
1758 3482
1759 3487
1760 3488
1761 3489
1762 3490
1763 3490
1764 3491
1765 3491
1766 3493
1767 3496
1768 3497
1769 3501
1770 3504
1771 3507
1772 3508
1773 3512
1774 3515
1775 3518
1776 3519
1777 3521
1778 3523
1779 3525
1780 3528
1781 3530
1782 3533
1783 3536
1784 3541
1785 3545
1786 3548
1787 3551
1788 3553
1789 3556
1790 3559
1791 3560
1792 3562
1793 3564
1794 3567
1795 3568
1796 3570
1797 3571
1798 3573
1799 3573
1800 3573
1801 3575
1802 3578
1803 3579
1804 3580
1805 3581
1806 3584
1807 3589
1808 3591
1809 3592
1810 3592
1811 3596
1812 3598
1813 3601
1814 3602
1815 3604
1816 3607
1817 3609
1818 3609
1819 3609
1820 3612
1821 3613
1822 3614
1823 3617
1824 3620
1825 3622
1826 3624
1827 3626
1828 3627
1829 3629
1830 3630
1831 3633
1832 3635
1833 3637
1834 3637
1835 3638
1836 3640
1837 3642
1838 3642
1839 3643
1840 3643
1841 3645
1842 3647
1843 3648
1844 3648
1845 3649
1846 3649
1847 3650
1848 3651
1849 3653
1850 3654
1851 3657
1852 3658
1853 3659
1854 3659
1855 3661
1856 3661
1857 3661
1858 3662
1859 3665
1860 3666
1861 3669
1862 3669
1863 3669
1864 3671
1865 3672
1866 3674
1867 3678
1868 3680
1869 3681
1870 3681
1871 3683
1872 3684
1873 3687
1874 3688
1875 3690
1876 3692
1877 3697
1878 3697
1879 3700
1880 3701
1881 3702
1882 3702
1883 3703
1884 3705
1885 3706
1886 3710
1887 3711
1888 3713
1889 3714
1890 3714
1891 3714
1892 3717
1893 3719
1894 3722
1895 3724
1896 3725
1897 3726
1898 3729
1899 3732
1900 3733
1901 3733
1902 3734
1903 3734
1904 3734
1905 3738
1906 3741
1907 3742
1908 3742
1909 3745
1910 3745
1911 3747
1912 3749
1913 3749
1914 3753
1915 3754
1916 3755
1917 3758
1918 3762
1919 3765
1920 3768
1921 3770
1922 3770
1923 3771
1924 3772
1925 3774
1926 3780
1927 3780
1928 3781
1929 3785
1930 3788
1931 3792
1932 3794
1933 3800
1934 3803
1935 3804
1936 3804
1937 3805
1938 3807
1939 3809
1940 3809
1941 3811
1942 3812
1943 3815
1944 3817
1945 3819
1946 3821
1947 3822
1948 3826
1949 3828
1950 3831
1951 3833
1952 3837
1953 3838
1954 3839
1955 3841
1956 3841
1957 3842
1958 3845
1959 3847
1960 3848
1961 3849
1962 3852
1963 3855
1964 3855
1965 3857
1966 3857
1967 3857
1968 3859
1969 3861
1970 3862
1971 3864
1972 3866
1973 3868
1974 3868
1975 3868
1976 3868
1977 3869
1978 3871
1979 3874
1980 3881
1981 3881
1982 3884
1983 3884
1984 3888
1985 3889
1986 3891
1987 3893
1988 3894
1989 3898
1990 3900
1991 3902
1992 3904
1993 3906
1994 3908
1995 3911
1996 3911
1997 3914
1998 3916
1999 3917
2000 3919
2001 3921
2002 3921
2003 3923
2004 3925
2005 3925
2006 3926
2007 3926
2008 3927
2009 3930
2010 3931
2011 3938
2012 3942
2013 3944
2014 3946
2015 3950
2016 3952
2017 3955
2018 3961
2019 3964
2020 3965
2021 3966
2022 3970
2023 3973
2024 3974
2025 3975
2026 3978
2027 3978
2028 3978
2029 3979
2030 3982
2031 3983
2032 3986
2033 3988
2034 3990
2035 3991
2036 3995
2037 3998
2038 4001
2039 4002
2040 4004
2041 4004
2042 4008
2043 4013
2044 4015
2045 4021
2046 4025
2047 4027
2048 4029
2049 4032
2050 4035
2051 4035
2052 4036
2053 4036
2054 4039
2055 4042
2056 4045
2057 4046
2058 4047
2059 4049
2060 4050
2061 4050
2062 4053
2063 4054
2064 4055
2065 4056
2066 4058
2067 4058
2068 4059
2069 4061
2070 4061
2071 4064
2072 4065
2073 4067
2074 4070
2075 4071
2076 4073
2077 4073
2078 4076
2079 4077
2080 4078
2081 4080
2082 4081
2083 4081
2084 4083
2085 4083
2086 4086
2087 4088
2088 4091
2089 4093
2090 4096
2091 4101
2092 4101
2093 4102
2094 4106
2095 4108
2096 4108
2097 4111
2098 4112
2099 4115
2100 4115
2101 4115
2102 4115
2103 4121
2104 4122
2105 4122
2106 4124
2107 4129
2108 4130
2109 4131
2110 4132
2111 4134
2112 4136
2113 4138
2114 4140
2115 4143
2116 4145
2117 4145
2118 4146
2119 4147
2120 4149
2121 4150
2122 4152
2123 4153
2124 4154
2125 4156
2126 4160
2127 4163
2128 4164
2129 4168
2130 4172
2131 4175
2132 4178
2133 4184
2134 4187
2135 4188
2136 4189
2137 4192
2138 4195
2139 4198
2140 4203
2141 4205
2142 4206
2143 4208
2144 4209
2145 4210
2146 4210
2147 4211
2148 4211
2149 4211
2150 4213
2151 4213
2152 4214
2153 4217
2154 4218
2155 4219
2156 4222
2157 4225
2158 4227
2159 4227
2160 4230
2161 4233
2162 4235
2163 4235
2164 4236
2165 4237
2166 4238
2167 4239
2168 4239
2169 4241
2170 4244
2171 4244
2172 4249
2173 4251
2174 4253
2175 4254
2176 4256
2177 4258
2178 4261
2179 4263
2180 4264
2181 4264
2182 4267
2183 4268
2184 4269
2185 4272
2186 4273
2187 4274
2188 4277
2189 4282
2190 4285
2191 4287
2192 4288
2193 4292
2194 4294
2195 4297
2196 4301
2197 4306
2198 4311
2199 4314
2200 4317
2201 4318
2202 4318
2203 4321
2204 4322
2205 4326
2206 4329
2207 4333
2208 4334
2209 4336
2210 4337
2211 4339
2212 4339
2213 4340
2214 4342
2215 4346
2216 4347
2217 4348
2218 4351
2219 4353
2220 4353
2221 4353
2222 4354
2223 4357
2224 4359
2225 4361
2226 4364
2227 4366
2228 4370
2229 4372
2230 4376
2231 4379
2232 4381
2233 4385
2234 4387
2235 4388
2236 4390
2237 4392
2238 4394
2239 4394
2240 4397
2241 4398
2242 4399
2243 4401
2244 4403
2245 4404
2246 4405
2247 4406
2248 4407
2249 4409
2250 4410
2251 4413
2252 4415
2253 4419
2254 4421
2255 4424
2256 4427
2257 4430
2258 4431
2259 4434
2260 4436
2261 4436
2262 4439
2263 4440
2264 4442
2265 4443
2266 4447
2267 4450
2268 4452
2269 4452
2270 4453
2271 4455
2272 4456
2273 4457
2274 4461
2275 4462
2276 4462
2277 4465
2278 4467
2279 4469
2280 4473
2281 4475
2282 4481
2283 4483
2284 4485
2285 4486
2286 4487
2287 4489
2288 4489
2289 4492
2290 4493
2291 4499
2292 4500
2293 4501
2294 4504
2295 4504
2296 4506
2297 4506
2298 4510
2299 4510
2300 4510
2301 4511
2302 4512
2303 4514
2304 4517
2305 4519
2306 4522
2307 4527
2308 4531
2309 4535
2310 4535
2311 4535
2312 4539
2313 4540
2314 4542
2315 4543
2316 4543
2317 4544
2318 4548
2319 4549
2320 4551
2321 4554
2322 4556
2323 4557
2324 4558
2325 4560
2326 4562
2327 4562
2328 4566
2329 4567
2330 4568
2331 4569
2332 4570
2333 4573
2334 4578
2335 4578
2336 4579
2337 4582
2338 4583
2339 4583
2340 4587
2341 4587
2342 4589
2343 4591
2344 4592
2345 4595
2346 4595
2347 4597
2348 4597
2349 4598
2350 4598
2351 4600
2352 4601
2353 4602
2354 4605
2355 4605
2356 4607
2357 4607
2358 4608
2359 4609
2360 4609
2361 4610
2362 4611
2363 4611
2364 4614
2365 4616
2366 4617
2367 4625
2368 4629
2369 4631
2370 4634
2371 4637
2372 4643
2373 4644
2374 4644
2375 4648
2376 4650
2377 4653
2378 4653
2379 4655
2380 4656
2381 4657
2382 4661
2383 4662
2384 4664
2385 4664
2386 4664
2387 4664
2388 4665
2389 4667
2390 4671
2391 4672
2392 4672
2393 4672
2394 4673
2395 4674
2396 4677
2397 4680
2398 4682
2399 4684
2400 4686
2401 4687
2402 4691
2403 4692
2404 4693
2405 4694
2406 4698
2407 4700
2408 4700
2409 4705
2410 4705
2411 4707
2412 4710
2413 4712
2414 4714
2415 4716
2416 4719
2417 4722
2418 4724
2419 4724
2420 4724
2421 4728
2422 4729
2423 4730
2424 4735
2425 4737
2426 4737
2427 4737
2428 4740
2429 4741
2430 4744
2431 4747
2432 4748
2433 4752
2434 4753
2435 4756
2436 4759
2437 4762
2438 4765
2439 4768
2440 4773
2441 4774
2442 4776
2443 4777
2444 4780
2445 4782
2446 4786
2447 4788
2448 4791
2449 4793
2450 4793
2451 4793
2452 4794
2453 4795
2454 4796
2455 4797
2456 4797
2457 4798
2458 4798
2459 4800
2460 4803
2461 4804
2462 4807
2463 4807
2464 4809
2465 4810
2466 4810
2467 4810
2468 4810
2469 4812
2470 4812
2471 4814
2472 4816
2473 4818
2474 4819
2475 4822
2476 4824
2477 4825
2478 4825
2479 4828
2480 4829
2481 4832
2482 4834
2483 4835
2484 4837
2485 4840
2486 4840
2487 4841
2488 4842
2489 4843
2490 4850
2491 4851
2492 4851
2493 4853
2494 4855
2495 4857
2496 4858
2497 4861
2498 4863
2499 4863
2500 4865
2501 4866
2502 4866
2503 4867
2504 4869
2505 4874
2506 4874
2507 4876
2508 4879
2509 4880
2510 4881
2511 4885
2512 4886
2513 4887
2514 4889
2515 4891
2516 4893
2517 4898
2518 4901
2519 4902
2520 4902
2521 4904
2522 4906
2523 4908
2524 4911
2525 4911
2526 4913
2527 4915
2528 4919
2529 4920
2530 4922
2531 4926
2532 4928
2533 4930
2534 4933
2535 4934
2536 4938
2537 4938
2538 4939
2539 4942
2540 4943
2541 4944
2542 4947
2543 4949
2544 4951
2545 4951
2546 4953
2547 4954
2548 4957
2549 4960
2550 4962
2551 4964
2552 4964
2553 4965
2554 4966
2555 4969
2556 4969
2557 4970
2558 4973
2559 4976
2560 4977
2561 4981
2562 4982
2563 4984
2564 4984
2565 4985
2566 4985
2567 4988
2568 4990
2569 4994
2570 4997
2571 5000
2572 5001
2573 5004
2574 5005
2575 5006
2576 5008
2577 5010
2578 5010
2579 5012
2580 5013
2581 5014
2582 5018
2583 5021
2584 5023
2585 5025
2586 5029
2587 5031
2588 5031
2589 5032
2590 5033
2591 5033
2592 5034
2593 5036
2594 5038
2595 5039
2596 5040
2597 5041
2598 5042
2599 5042
2600 5042
2601 5044
2602 5044
2603 5045
2604 5046
2605 5048
2606 5052
2607 5056
2608 5060
2609 5060
2610 5063
2611 5066
2612 5066
2613 5066
2614 5069
2615 5073
2616 5077
2617 5077
2618 5080
2619 5083
2620 5085
2621 5087
2622 5091
2623 5096
2624 5100
2625 5102
2626 5102
2627 5103
2628 5103
2629 5106
2630 5108
2631 5109
2632 5112
2633 5115
2634 5115
2635 5117
2636 5120
2637 5123
2638 5124
2639 5127
2640 5128
2641 5128
2642 5130
2643 5134
2644 5135
2645 5136
2646 5139
2647 5142
2648 5144
2649 5147
2650 5148
2651 5148
2652 5148
2653 5149
2654 5151
2655 5151
2656 5154
2657 5156
2658 5158
2659 5160
2660 5164
2661 5165
2662 5167
2663 5174
2664 5175
2665 5177
2666 5179
2667 5184
2668 5185
2669 5186
2670 5189
2671 5192
2672 5194
2673 5194
2674 5196
2675 5201
2676 5203
2677 5205
2678 5207
2679 5209
2680 5211
2681 5212
2682 5212
2683 5214
2684 5218
2685 5220
2686 5224
2687 5224
2688 5224
2689 5225
2690 5226
2691 5228
2692 5229
2693 5230
2694 5233
2695 5237
2696 5243
2697 5245
2698 5247
2699 5248
2700 5251
2701 5256
2702 5258
2703 5260
2704 5262
2705 5262
2706 5265
2707 5266
2708 5267
2709 5268
2710 5270
2711 5273
2712 5274
2713 5275
2714 5277
2715 5279
2716 5280
2717 5283
2718 5284
2719 5284
2720 5284
2721 5285
2722 5288
2723 5290
2724 5294
2725 5294
2726 5296
2727 5298
2728 5300
2729 5300
2730 5302
2731 5304
2732 5305
2733 5307
2734 5309
2735 5311
2736 5311
2737 5313
2738 5317
2739 5319
2740 5320
2741 5322
2742 5322
2743 5323
2744 5324
2745 5325
2746 5326
2747 5329
2748 5330
2749 5334
2750 5336
2751 5340
2752 5342
2753 5344
2754 5349
2755 5355
2756 5356
2757 5357
2758 5357
2759 5357
2760 5358
2761 5365
2762 5368
2763 5370
2764 5373
2765 5373
2766 5375
2767 5377
2768 5379
2769 5380
2770 5385
2771 5386
2772 5388
2773 5391
2774 5394
2775 5397
2776 5399
2777 5403
2778 5405
2779 5407
2780 5409
2781 5410
2782 5413
2783 5414
2784 5415
2785 5421
2786 5424
2787 5426
2788 5427
2789 5427
2790 5430
2791 5432
2792 5433
2793 5435
2794 5436
2795 5439
2796 5440
2797 5442
2798 5444
2799 5444
2800 5445
2801 5445
2802 5447
2803 5448
2804 5448
2805 5449
2806 5449
2807 5452
2808 5455
2809 5456
2810 5459
2811 5459
2812 5460
2813 5461
2814 5467
2815 5468
2816 5470
2817 5473
2818 5476
2819 5478
2820 5478
2821 5479
2822 5480
2823 5485
2824 5485
2825 5488
2826 5489
2827 5489
2828 5491
2829 5491
2830 5495
2831 5496
2832 5501
2833 5503
2834 5505
2835 5510
2836 5511
2837 5516
2838 5517
2839 5517
2840 5519
2841 5521
2842 5523
2843 5525
2844 5528
2845 5529
2846 5532
2847 5535
2848 5536
2849 5540
2850 5542
2851 5545
2852 5547
2853 5550
2854 5552
2855 5556
2856 5560
2857 5561
2858 5562
2859 5566
2860 5568
2861 5570
2862 5573
2863 5577
2864 5580
2865 5580
2866 5582
2867 5583
2868 5585
2869 5585
2870 5589
2871 5589
2872 5590
2873 5595
2874 5596
2875 5599
2876 5601
2877 5603
2878 5604
2879 5606
2880 5607
2881 5611
2882 5613
2883 5614
2884 5614
2885 5617
2886 5619
2887 5620
2888 5622
2889 5624
2890 5626
2891 5628
2892 5628
2893 5630
2894 5631
2895 5632
2896 5635
2897 5635
2898 5636
2899 5639
2900 5641
2901 5642
2902 5643
2903 5644
2904 5645
2905 5647
2906 5648
2907 5649
2908 5650
2909 5651
2910 5654
2911 5654
2912 5654
2913 5656
2914 5658
2915 5659
2916 5661
2917 5663
2918 5664
2919 5664
2920 5665
2921 5665
2922 5666
2923 5667
2924 5671
2925 5673
2926 5674
2927 5676
2928 5678
2929 5679
2930 5680
2931 5680
2932 5682
2933 5685
2934 5688
2935 5689
2936 5692
2937 5697
2938 5698
2939 5701
2940 5701
2941 5703
2942 5704
2943 5707
2944 5711
2945 5711
2946 5713
2947 5713
2948 5713
2949 5714
2950 5715
2951 5716
2952 5720
2953 5721
2954 5724
2955 5726
2956 5729
2957 5732
2958 5734
2959 5736
2960 5737
2961 5738
2962 5739
2963 5739
2964 5743
2965 5743
2966 5744
2967 5744
2968 5747
2969 5748
2970 5748
2971 5753
2972 5755
2973 5759
2974 5760
2975 5760
2976 5761
2977 5762
2978 5768
2979 5773
2980 5774
2981 5776
2982 5776
2983 5780
2984 5781
2985 5783
2986 5785
2987 5785
2988 5786
2989 5789
2990 5795
2991 5796
2992 5797
2993 5797
2994 5800
2995 5802
2996 5804
2997 5806
2998 5809
2999 5810
3000 5814
3001 5815
3002 5816
3003 5819
3004 5821
3005 5824
3006 5827
3007 5830
3008 5832
3009 5838
3010 5839
3011 5841
3012 5842
3013 5843
3014 5845
3015 5845
3016 5847
3017 5848
3018 5851
3019 5854
3020 5855
3021 5857
3022 5859
3023 5860
3024 5861
3025 5863
3026 5869
3027 5875
3028 5877
3029 5877
3030 5880
3031 5882
3032 5885
3033 5887
3034 5893
3035 5895
3036 5898
3037 5900
3038 5903
3039 5904
3040 5906
3041 5907
3042 5909
3043 5912
3044 5912
3045 5913
3046 5913
3047 5915
3048 5918
3049 5918
3050 5921
3051 5922
3052 5924
3053 5925
3054 5928
3055 5928
3056 5928
3057 5928
3058 5929
3059 5930
3060 5933
3061 5935
3062 5936
3063 5937
3064 5939
3065 5939
3066 5940
3067 5942
3068 5945
3069 5948
3070 5949
3071 5950
3072 5954
3073 5954
3074 5954
3075 5956
3076 5958
3077 5959
3078 5960
3079 5960
3080 5962
3081 5962
3082 5962
3083 5963
3084 5963
3085 5963
3086 5965
3087 5966
3088 5968
3089 5969
3090 5969
3091 5970
3092 5972
3093 5972
3094 5975
3095 5977
3096 5980
3097 5981
3098 5982
3099 5982
3100 5984
3101 5988
3102 5989
3103 5990
3104 5991
3105 5992
3106 5992
3107 5996
3108 5998
3109 5999
3110 6001
3111 6002
3112 6006
3113 6010
3114 6013
3115 6016
3116 6017
3117 6018
3118 6021
3119 6023
3120 6023
3121 6025
3122 6025
3123 6026
3124 6028
3125 6028
3126 6029
3127 6031
3128 6034
3129 6036
3130 6037
3131 6039
3132 6042
3133 6044
3134 6047
3135 6048
3136 6049
3137 6051
3138 6055
3139 6058
3140 6058
3141 6058
3142 6059
3143 6062
3144 6062
3145 6062
3146 6064
3147 6068
3148 6068
3149 6070
3150 6070
3151 6074
3152 6075
3153 6080
3154 6080
3155 6083
3156 6087
3157 6089
3158 6090
3159 6090
3160 6092
3161 6094
3162 6095
3163 6097
3164 6100
3165 6103
3166 6103
3167 6103
3168 6103
3169 6108
3170 6109
3171 6110
3172 6112
3173 6113
3174 6117
3175 6119
3176 6120
3177 6121
3178 6124
3179 6127
3180 6128
3181 6130
3182 6131
3183 6135
3184 6137
3185 6141
3186 6142
3187 6143
3188 6145
3189 6145
3190 6146
3191 6147
3192 6148
3193 6153
3194 6155
3195 6156
3196 6157
3197 6157
3198 6158
3199 6160
3200 6161
3201 6163
3202 6164
3203 6167
3204 6170
3205 6172
3206 6173
3207 6173
3208 6176
3209 6177
3210 6179
3211 6182
3212 6182
3213 6183
3214 6186
3215 6189
3216 6192
3217 6193
3218 6197
3219 6198
3220 6199
3221 6202
3222 6203
3223 6207
3224 6208
3225 6210
3226 6212
3227 6214
3228 6217
3229 6218
3230 6226
3231 6227
3232 6229
3233 6231
3234 6234
3235 6236
3236 6236
3237 6239
3238 6242
3239 6242
3240 6246
3241 6249
3242 6251
3243 6252
3244 6252
3245 6258
3246 6258
3247 6262
3248 6264
3249 6264
3250 6265
3251 6267
3252 6268
3253 6268
3254 6270
3255 6270
3256 6273
3257 6274
3258 6276
3259 6276
3260 6278
3261 6279
3262 6279
3263 6281
3264 6282
3265 6282
3266 6283
3267 6285
3268 6286
3269 6288
3270 6291
3271 6293
3272 6295
3273 6295
3274 6297
3275 6301
3276 6306
3277 6306
3278 6309
3279 6309
3280 6310
3281 6315
3282 6315
3283 6318
3284 6322
3285 6324
3286 6325
3287 6328
3288 6329
3289 6331
3290 6333
3291 6335
3292 6336
3293 6336
3294 6338
3295 6339
3296 6344
3297 6347
3298 6349
3299 6351
3300 6353
3301 6353
3302 6353
3303 6358
3304 6361
3305 6364
3306 6367
3307 6368
3308 6372
3309 6373
3310 6373
3311 6374
3312 6375
3313 6376
3314 6378
3315 6378
3316 6380
3317 6381
3318 6383
3319 6384
3320 6385
3321 6388
3322 6389
3323 6391
3324 6394
3325 6395
3326 6396
3327 6399
3328 6400
3329 6402
3330 6404
3331 6405
3332 6409
3333 6410
3334 6411
3335 6412
3336 6415
3337 6417
3338 6420
3339 6423
3340 6424
3341 6425
3342 6426
3343 6427
3344 6427
3345 6429
3346 6430
3347 6432
3348 6433
3349 6434
3350 6436
3351 6438
3352 6440
3353 6440
3354 6442
3355 6446
3356 6449
3357 6453
3358 6455
3359 6457
3360 6457
3361 6457
3362 6458
3363 6458
3364 6459
3365 6463
3366 6466
3367 6467
3368 6469
3369 6471
3370 6471
3371 6477
3372 6478
3373 6479
3374 6479
3375 6479
3376 6483
3377 6484
3378 6484
3379 6486
3380 6486
3381 6489
3382 6491
3383 6491
3384 6492
3385 6493
3386 6494
3387 6496
3388 6500
3389 6503
3390 6505
3391 6506
3392 6509
3393 6511
3394 6514
3395 6517
3396 6519
3397 6523
3398 6525
3399 6529
3400 6530
3401 6531
3402 6532
3403 6532
3404 6535
3405 6537
3406 6540
3407 6541
3408 6542
3409 6543
3410 6545
3411 6548
3412 6549
3413 6552
3414 6554
3415 6558
3416 6560
3417 6562
3418 6563
3419 6566
3420 6569
3421 6573
3422 6575
3423 6576
3424 6579
3425 6581
3426 6584
3427 6585
3428 6585
3429 6588
3430 6591
3431 6591
3432 6592
3433 6595
3434 6597
3435 6597
3436 6598
3437 6599
3438 6602
3439 6603
3440 6606
3441 6607
3442 6609
3443 6614
3444 6619
3445 6620
3446 6623
3447 6625
3448 6625
3449 6628
3450 6629
3451 6629
3452 6629
3453 6631
3454 6635
3455 6638
3456 6642
3457 6642
3458 6645
3459 6646
3460 6647
3461 6648
3462 6651
3463 6651
3464 6653
3465 6653
3466 6654
3467 6656
3468 6656
3469 6656
3470 6660
3471 6663
3472 6665
3473 6668
3474 6668
3475 6669
3476 6670
3477 6674
3478 6674
3479 6676
3480 6679
3481 6680
3482 6681
3483 6681
3484 6681
3485 6685
3486 6687
3487 6690
3488 6690
3489 6692
3490 6695
3491 6696
3492 6697
3493 6699
3494 6701
3495 6704
3496 6707
3497 6709
3498 6711
3499 6713
3500 6720
3501 6721
3502 6723
3503 6724
3504 6728
3505 6730
3506 6733
3507 6733
3508 6734
3509 6737
3510 6738
3511 6741
3512 6743
3513 6744
3514 6745
3515 6745
3516 6748
3517 6751
3518 6752
3519 6752
3520 6754
3521 6757
3522 6758
3523 6760
3524 6762
3525 6764
3526 6767
3527 6767
3528 6769
3529 6769
3530 6770
3531 6771
3532 6773
3533 6778
3534 6779
3535 6783
3536 6783
3537 6786
3538 6788
3539 6788
3540 6790
3541 6791
3542 6793
3543 6794
3544 6795
3545 6797
3546 6797
3547 6801
3548 6804
3549 6806
3550 6807
3551 6810
3552 6812
3553 6814
3554 6816
3555 6817
3556 6818
3557 6820
3558 6821
3559 6822
3560 6822
3561 6823
3562 6823
3563 6824
3564 6827
3565 6830
3566 6833
3567 6835
3568 6836
3569 6839
3570 6839
3571 6841
3572 6842
3573 6846
3574 6847
3575 6847
3576 6847
3577 6848
3578 6850
3579 6853
3580 6853
3581 6855
3582 6858
3583 6860
3584 6862
3585 6863
3586 6864
3587 6866
3588 6866
3589 6866
3590 6867
3591 6867
3592 6868
3593 6872
3594 6874
3595 6874
3596 6879
3597 6882
3598 6883
3599 6883
3600 6888
3601 6891
3602 6892
3603 6893
3604 6894
3605 6896
3606 6896
3607 6899
3608 6901
3609 6906
3610 6908
3611 6910
3612 6913
3613 6917
3614 6920
3615 6922
3616 6926
3617 6927
3618 6927
3619 6930
3620 6930
3621 6931
3622 6933
3623 6935
3624 6935
3625 6938
3626 6941
3627 6943
3628 6946
3629 6948
3630 6948
3631 6949
3632 6950
3633 6954
3634 6957
3635 6958
3636 6962
3637 6964
3638 6966
3639 6966
3640 6968
3641 6970
3642 6972
3643 6974
3644 6974
3645 6975
3646 6976
3647 6979
3648 6981
3649 6982
3650 6984
3651 6986
3652 6986
3653 6986
3654 6988
3655 6990
3656 6992
3657 6992
3658 6993
3659 6993
3660 6994
3661 6996
3662 6996
3663 6996
3664 6999
3665 7001
3666 7002
3667 7006
3668 7009
3669 7010
3670 7012
3671 7013
3672 7018
3673 7020
3674 7022
3675 7024
3676 7025
3677 7026
3678 7027
3679 7027
3680 7028
3681 7028
3682 7032
3683 7033
3684 7034
3685 7034
3686 7034
3687 7037
3688 7040
3689 7041
3690 7042
3691 7044
3692 7046
3693 7048
3694 7049
3695 7053
3696 7057
3697 7057
3698 7057
3699 7060
3700 7064
3701 7065
3702 7067
3703 7068
3704 7071
3705 7071
3706 7073
3707 7078
3708 7079
3709 7081
3710 7082
3711 7083
3712 7083
3713 7084
3714 7086
3715 7088
3716 7091
3717 7093
3718 7095
3719 7096
3720 7098
3721 7099
3722 7100
3723 7101
3724 7104
3725 7105
3726 7107
3727 7110
3728 7110
3729 7113
3730 7116
3731 7117
3732 7118
3733 7121
3734 7126
3735 7129
3736 7132
3737 7133
3738 7134
3739 7136
3740 7140
3741 7143
3742 7143
3743 7146
3744 7147
3745 7149
3746 7154
3747 7157
3748 7158
3749 7162
3750 7163
3751 7166
3752 7168
3753 7169
3754 7173
3755 7173
3756 7175
3757 7175
3758 7177
3759 7179
3760 7180
3761 7181
3762 7183
3763 7185
3764 7186
3765 7188
3766 7192
3767 7193
3768 7195
3769 7202
3770 7205
3771 7208
3772 7210
3773 7212
3774 7214
3775 7215
3776 7216
3777 7218
3778 7218
3779 7221
3780 7221
3781 7221
3782 7222
3783 7222
3784 7223
3785 7225
3786 7226
3787 7227
3788 7228
3789 7228
3790 7228
3791 7231
3792 7231
3793 7233
3794 7235
3795 7236
3796 7238
3797 7239
3798 7240
3799 7242
3800 7245
3801 7246
3802 7249
3803 7250
3804 7253
3805 7256
3806 7257
3807 7260
3808 7261
